0.00	2.5000	4.5000	0.0000	0.0000	0.0000	0.0000
0.10	2.6996	4.4890	-0.0100	0.0000	0.0000	-0.1001
0.20	2.8969	4.4581	-0.0200	0.0000	0.0000	-0.2002
0.30	3.0901	4.4076	-0.0300	0.0000	0.0000	-0.3004
0.40	3.2772	4.3380	-0.0400	0.0000	0.0000	-0.4005
0.50	3.4563	4.2502	-0.0500	0.0000	0.0000	-0.5006
0.60	3.6256	4.1449	-0.0600	0.0000	0.0000	-0.6007
0.70	3.7835	4.0232	-0.0700	0.0000	0.0000	-0.7009
0.80	3.9283	3.8864	-0.0800	0.0000	0.0000	-0.8010
0.90	4.0587	3.7358	-0.0900	0.0000	0.0000	-0.9011
1.00	4.1732	3.5730	-0.1000	0.0000	0.0000	-1.0012
1.10	4.2709	3.3997	-0.1100	0.0000	0.0000	-1.1014
1.20	4.3508	3.2175	-0.1200	0.0000	0.0000	-1.2015
1.30	4.4119	3.0282	-0.1300	0.0000	0.0000	-1.3016
1.40	4.4538	2.8339	-0.1400	0.0000	0.0000	-1.4017
1.50	4.4761	2.6364	-0.1500	0.0000	0.0000	-1.5019
1.60	4.4784	2.4378	-0.1600	0.0000	0.0000	-1.6020
1.70	4.4609	2.2399	-0.1700	0.0000	0.0000	-1.7021
1.80	4.4237	2.0449	-0.1800	0.0000	0.0000	-1.8022
1.90	4.3671	1.8546	-0.1900	0.0000	0.0000	-1.9024
2.00	4.2918	1.6710	-0.2000	0.0000	0.0000	-2.0025
2.10	4.1986	1.4959	-0.2100	0.0000	0.0000	-2.1026
2.20	4.0883	1.3310	-0.2200	0.0000	0.0000	-2.2027
2.30	3.9620	1.1781	-0.2300	0.0000	0.0000	-2.3029
2.40	3.8212	1.0385	-0.2400	0.0000	0.0000	-2.4030
2.50	3.6671	0.9138	-0.2500	0.0000	0.0000	-2.5031
2.60	3.5013	0.8052	-0.2600	0.0000	0.0000	-2.6032
2.70	3.3255	0.7137	-0.2700	0.0000	0.0000	-2.7034
2.80	3.1415	0.6403	-0.2800	0.0000	0.0000	-2.8035
2.90	2.9511	0.5857	-0.2900	0.0000	0.0000	-2.9036
3.00	2.7562	0.5504	-0.3000	0.0000	0.0000	-3.0037
3.10	2.5587	0.5348	-0.3100	0.0000	0.0000	-3.1039
3.20	2.3608	0.5390	-0.3200	0.0000	0.0000	-3.2040
3.30	2.1642	0.5630	-0.3300	0.0000	0.0000	-3.3041
3.40	1.9711	0.6066	-0.3400	0.0000	0.0000	-3.4042
3.50	1.7833	0.6693	-0.3500	0.0000	0.0000	-3.5044
3.60	1.6027	0.7505	-0.3600	0.0000	0.0000	-3.6045
3.70	1.4311	0.8493	-0.3700	0.0000	0.0000	-3.7046
3.80	1.2704	0.9648	-0.3800	0.0000	0.0000	-3.8047
3.90	1.1219	1.0958	-0.3900	0.0000	0.0000	-3.9049
4.00	0.9874	1.2410	-0.4000	0.0000	0.0000	-4.0050
4.10	0.8680	1.3989	-0.4100	0.0000	0.0000	-4.1051
4.20	0.7651	1.5680	-0.4200	0.0000	0.0000	-4.2052
4.30	0.6796	1.7466	-0.4300	0.0000	0.0000	-4.3054
4.40	0.6123	1.9328	-0.4400	0.0000	0.0000	-4.4055
4.50	0.5641	2.1248	-0.4500	0.0000	0.0000	-4.5056
4.60	0.5353	2.3207	-0.4600	0.0000	0.0000	-4.6057
4.70	0.5263	2.5186	-0.4700	0.0000	0.0000	-4.7059
4.80	0.5371	2.7163	-0.4800	0.0000	0.0000	-4.8060
4.90	0.5677	2.9120	-0.4900	0.0000	0.0000	-4.9061
5.00	0.6177	3.1037	-0.5000	0.0000	0.0000	-5.0062
5.10	0.6866	3.2894	-0.5100	0.0000	0.0000	-5.1064
5.20	0.7738	3.4674	-0.5200	0.0000	0.0000	-5.2065
5.30	0.8784	3.6357	-0.5300	0.0000	0.0000	-5.3066
5.40	0.9993	3.7928	-0.5400	0.0000	0.0000	-5.4067
5.50	1.1354	3.9370	-0.5500	0.0000	0.0000	-5.5069
5.60	1.2852	4.0669	-0.5600	0.0000	0.0000	-5.6070
5.70	1.4474	4.1811	-0.5700	0.0000	0.0000	-5.7071
5.80	1.6202	4.2786	-0.5800	0.0000	0.0000	-5.8072
5.90	1.8019	4.3583	-0.5900	0.0000	0.0000	-5.9074
6.00	1.9907	4.4195	-0.6000	0.0000	0.0000	-6.0075
6.10	2.1848	4.4614	-0.6100	0.0000	0.0000	-6.1076
6.20	2.3821	4.4838	-0.6200	0.0000	0.0000	-6.2077
6.30	2.5808	4.4862	-0.6300	0.0000	0.0000	-6.3079
6.40	2.7787	4.4688	-0.6400	0.0000	0.0000	-6.4080
6.50	2.9740	4.4316	-0.6500	0.0000	0.0000	-6.5081
6.60	3.1646	4.3751	-0.6600	0.0000	0.0000	-6.6082
6.70	3.3487	4.2997	-0.6700	0.0000	0.0000	-6.7084
6.80	3.5244	4.2062	-0.6800	0.0000	0.0000	-6.8085
6.90	3.6899	4.0956	-0.6900	0.0000	0.0000	-6.9086
7.00	3.8435	3.9690	-0.7000	0.0000	0.0000	-7.0087
7.10	3.9838	3.8275	-0.7100	0.0000	0.0000	-7.1089
7.20	4.1093	3.6727	-0.7200	0.0000	0.0000	-7.2090
7.30	4.2186	3.5060	-0.7300	0.0000	0.0000	-7.3091
7.40	4.3108	3.3291	-0.7400	0.0000	0.0000	-7.4092
7.50	4.3849	3.1438	-0.7500	0.0000	0.0000	-7.5094
7.60	4.4400	2.9520	-0.7600	0.0000	0.0000	-7.6095
7.70	4.4757	2.7554	-0.7700	0.0000	0.0000	-7.7096
7.80	4.4916	2.5563	-0.7800	0.0000	0.0000	-7.8097
7.90	4.4874	2.3564	-0.7900	0.0000	0.0000	-7.9099
8.00	4.4633	2.1578	-0.8000	0.0000	0.0000	-8.0100
8.10	4.4194	1.9626	-0.8100	0.0000	0.0000	-8.1101
8.20	4.3561	1.7726	-0.8200	0.0000	0.0000	-8.2102
8.30	4.2741	1.5898	-0.8300	0.0000	0.0000	-8.3104
8.40	4.1741	1.4161	-0.8400	0.0000	0.0000	-8.4105
8.50	4.0572	1.2531	-0.8500	0.0000	0.0000	-8.5106
8.60	3.9245	1.1026	-0.8600	0.0000	0.0000	-8.6107
8.70	3.7773	0.9660	-0.8700	0.0000	0.0000	-8.7109
8.80	3.6171	0.8447	-0.8800	0.0000	0.0000	-8.8110
8.90	3.4455	0.7401	-0.8900	0.0000	0.0000	-8.9111
9.00	3.2641	0.6531	-0.9000	0.0000	0.0000	-9.0112
9.10	3.0748	0.5846	-0.9100	0.0000	0.0000	-9.1114
9.20	2.8795	0.5354	-0.9200	0.0000	0.0000	-9.2115
9.30	2.6801	0.5059	-0.9300	0.0000	0.0000	-9.3116
9.40	2.4786	0.4966	-0.9400	0.0000	0.0000	-9.4117
9.50	2.2771	0.5075	-0.9500	0.0000	0.0000	-9.5119
9.60	2.0775	0.5385	-0.9600	0.0000	0.0000	-9.6120
9.70	1.8819	0.5893	-0.9700	0.0000	0.0000	-9.7121
9.80	1.6922	0.6596	-0.9800	0.0000	0.0000	-9.8122
9.90	1.5104	0.7485	-0.9900	0.0000	0.0000	-9.9124
10.00	1.3383	0.8553	-1.0000	0.0000	0.0000	-10.0125
10.10	1.1776	0.9788	-1.0100	0.0000	0.0000	-10.1126
10.20	1.0299	1.1179	-1.0200	0.0000	0.0000	-10.2127
10.30	0.8968	1.2712	-1.0300	0.0000	0.0000	-10.3129
10.40	0.7796	1.4372	-1.0400	0.0000	0.0000	-10.4130
10.50	0.6796	1.6142	-1.0500	0.0000	0.0000	-10.5131
10.60	0.5977	1.8005	-1.0600	0.0000	0.0000	-10.6132
10.70	0.5348	1.9942	-1.0700	0.0000	0.0000	-10.7134
10.80	0.4915	2.1934	-1.0800	0.0000	0.0000	-10.8135
10.90	0.4684	2.3961	-1.0900	0.0000	0.0000	-10.9136
11.00	0.4657	2.6003	-1.1000	0.0000	0.0000	-11.0137
11.10	0.4834	2.8039	-1.1100	0.0000	0.0000	-11.1139
11.20	0.5215	3.0048	-1.1200	0.0000	0.0000	-11.2140
11.30	0.5795	3.2012	-1.1300	0.0000	0.0000	-11.3141
11.40	0.6570	3.3909	-1.1400	0.0000	0.0000	-11.4142
11.50	0.7531	3.5720	-1.1500	0.0000	0.0000	-11.5144
11.60	0.8670	3.7428	-1.1600	0.0000	0.0000	-11.6145
11.70	0.9976	3.9015	-1.1700	0.0000	0.0000	-11.7146
11.80	1.1435	4.0465	-1.1800	0.0000	0.0000	-11.8147
11.90	1.3033	4.1763	-1.1900	0.0000	0.0000	-11.9149
12.00	1.4755	4.2895	-1.2000	0.0000	0.0000	-12.0150
12.10	1.6583	4.3850	-1.2100	0.0000	0.0000	-12.1151
12.20	1.8499	4.4618	-1.2200	0.0000	0.0000	-12.2152
12.30	2.0485	4.5192	-1.2300	0.0000	0.0000	-12.3154
12.40	2.2520	4.5564	-1.2400	0.0000	0.0000	-12.4155
12.50	2.4584	4.5730	-1.2500	0.0000	0.0000	-12.5156
12.60	2.6657	4.5689	-1.2600	0.0000	0.0000	-12.6157
12.70	2.8717	4.5441	-1.2700	0.0000	0.0000	-12.7159
12.80	3.0745	4.4988	-1.2800	0.0000	0.0000	-12.8160
12.90	3.2719	4.4333	-1.2900	0.0000	0.0000	-12.9161
13.00	3.4619	4.3483	-1.3000	0.0000	0.0000	-13.0162
13.10	3.6427	4.2446	-1.3100	0.0000	0.0000	-13.1164
13.20	3.8124	4.1232	-1.3200	0.0000	0.0000	-13.2165
13.30	3.9692	3.9852	-1.3300	0.0000	0.0000	-13.3166
13.40	4.1117	3.8321	-1.3400	0.0000	0.0000	-13.4167
13.50	4.2382	3.6654	-1.3500	0.0000	0.0000	-13.5169
13.60	4.3475	3.4866	-1.3600	0.0000	0.0000	-13.6170
13.70	4.4385	3.2975	-1.3700	0.0000	0.0000	-13.7171
13.80	4.5103	3.1001	-1.3800	0.0000	0.0000	-13.8172
13.90	4.5619	2.8962	-1.3900	0.0000	0.0000	-13.9174
14.00	4.5929	2.6879	-1.4000	0.0000	0.0000	-14.0175
14.10	4.6030	2.4774	-1.4100	0.0000	0.0000	-14.1176
14.20	4.5919	2.2666	-1.4200	0.0000	0.0000	-14.2177
14.30	4.5598	2.0577	-1.4300	0.0000	0.0000	-14.3179
14.40	4.5068	1.8529	-1.4400	0.0000	0.0000	-14.4180
14.50	4.4336	1.6542	-1.4500	0.0000	0.0000	-14.5181
14.60	4.3407	1.4635	-1.4600	0.0000	0.0000	-14.6182
14.70	4.2290	1.2829	-1.4700	0.0000	0.0000	-14.7184
14.80	4.0997	1.1141	-1.4800	0.0000	0.0000	-14.8185
14.90	3.9539	0.9589	-1.4900	0.0000	0.0000	-14.9186
15.00	3.7932	0.8189	-1.5000	0.0000	0.0000	-15.0187
15.10	3.6190	0.6955	-1.5100	0.0000	0.0000	-15.1189
15.20	3.4331	0.5901	-1.5200	0.0000	0.0000	-15.2190
15.30	3.2374	0.5036	-1.5300	0.0000	0.0000	-15.3191
15.40	3.0337	0.4371	-1.5400	0.0000	0.0000	-15.4192
15.50	2.8241	0.3913	-1.5500	0.0000	0.0000	-15.5194
15.60	2.6107	0.3666	-1.5600	0.0000	0.0000	-15.6195
15.70	2.3956	0.3634	-1.5700	0.0000	0.0000	-15.7196
15.80	2.1809	0.3817	-1.5800	0.0000	0.0000	-15.8197
15.90	1.9689	0.4215	-1.5900	0.0000	0.0000	-15.9199
16.00	1.7617	0.4824	-1.6000	0.0000	0.0000	-16.0200
16.10	1.5613	0.5638	-1.6100	0.0000	0.0000	-16.1201
16.20	1.3697	0.6650	-1.6200	0.0000	0.0000	-16.2202
16.30	1.1891	0.7850	-1.6300	0.0000	0.0000	-16.3204
16.40	1.0211	0.9227	-1.6400	0.0000	0.0000	-16.4205
16.50	0.8675	1.0767	-1.6500	0.0000	0.0000	-16.5206
16.60	0.7298	1.2456	-1.6600	0.0000	0.0000	-16.6207
16.70	0.6096	1.4276	-1.6700	0.0000	0.0000	-16.7209
16.80	0.5081	1.6210	-1.6800	0.0000	0.0000	-16.8210
16.90	0.4263	1.8239	-1.6900	0.0000	0.0000	-16.9211
17.00	0.3651	2.0343	-1.7000	0.0000	0.0000	-17.0212
17.10	0.3253	2.2501	-1.7100	0.0000	0.0000	-17.1214
17.20	0.3071	2.4691	-1.7200	0.0000	0.0000	-17.2215
17.30	0.3110	2.6891	-1.7300	0.0000	0.0000	-17.3216
17.40	0.3369	2.9080	-1.7400	0.0000	0.0000	-17.4217
17.50	0.3847	3.1234	-1.7500	0.0000	0.0000	-17.5219
17.60	0.4539	3.3334	-1.7600	0.0000	0.0000	-17.6220
17.70	0.5438	3.5357	-1.7700	0.0000	0.0000	-17.7221
17.80	0.6538	3.7283	-1.7800	0.0000	0.0000	-17.8222
17.90	0.7826	3.9091	-1.7900	0.0000	0.0000	-17.9224
18.00	0.9291	4.0765	-1.8000	0.0000	0.0000	-18.0225
18.10	1.0919	4.2286	-1.8100	0.0000	0.0000	-18.1226
18.20	1.2693	4.3638	-1.8200	0.0000	0.0000	-18.2227
18.30	1.4597	4.4808	-1.8300	0.0000	0.0000	-18.3229
18.40	1.6611	4.5783	-1.8400	0.0000	0.0000	-18.4230
18.50	1.8717	4.6553	-1.8500	0.0000	0.0000	-18.5231
18.60	2.0892	4.7110	-1.8600	0.0000	0.0000	-18.6232
18.70	2.3115	4.7446	-1.8700	0.0000	0.0000	-18.7234
18.80	2.5365	4.7559	-1.8800	0.0000	0.0000	-18.8235
18.90	2.7618	4.7446	-1.8900	0.0000	0.0000	-18.9236
19.00	2.9852	4.7107	-1.9000	0.0000	0.0000	-19.0237
19.10	3.2045	4.6546	-1.9100	0.0000	0.0000	-19.1239
19.20	3.4174	4.5767	-1.9200	0.0000	0.0000	-19.2240
19.30	3.6218	4.4777	-1.9300	0.0000	0.0000	-19.3241
19.40	3.8156	4.3586	-1.9400	0.0000	0.0000	-19.4242
19.50	3.9968	4.2205	-1.9500	0.0000	0.0000	-19.5244
19.60	4.1635	4.0647	-1.9600	0.0000	0.0000	-19.6245
19.70	4.3141	3.8927	-1.9700	0.0000	0.0000	-19.7246
19.80	4.4469	3.7061	-1.9800	0.0000	0.0000	-19.8247
19.90	4.5606	3.5069	-1.9900	0.0000	0.0000	-19.9249
20.00	4.6540	3.2970	-2.0000	0.0000	0.0000	-20.0250
