0.00	3.0000	18.0000	0.0000	0.0000	0.0000	0.0000
0.10	3.0000	18.0000	0.0000	0.0000	0.0000	0.0000
0.20	3.0000	18.0000	0.0000	0.0000	0.0000	0.0000
0.30	3.0000	18.0000	0.0000	0.0000	0.0000	0.0000
0.40	3.0000	18.0000	0.0000	0.0000	0.0000	0.0000
0.50	3.0000	18.0000	0.0000	0.0000	0.0000	0.0000
0.60	3.0000	18.0000	0.0000	0.0000	0.0000	0.0000
0.70	3.0000	18.0000	0.0000	0.0000	0.0000	0.0000
0.80	3.0000	18.0000	0.0000	0.0000	0.0000	0.0000
0.90	3.0000	18.0000	0.0000	0.0000	0.0000	0.0000
1.00	3.0000	18.0000	0.0000	0.0000	0.0000	0.0000
1.10	3.0000	18.0000	0.0000	0.0000	0.0000	0.0000
1.20	3.0000	18.0000	0.0000	0.0000	0.0000	0.0000
1.30	3.0000	18.0000	0.0000	0.0000	0.0000	0.0000
1.40	3.0000	18.0000	0.0000	0.0000	0.0000	0.0000
1.50	3.0000	18.0000	0.0000	0.0000	0.0000	0.0000
1.60	3.0000	18.0000	0.0000	0.0000	0.0000	0.0000
1.70	3.0000	18.0000	0.0000	0.0000	0.0000	0.0000
1.80	3.0000	18.0000	0.0000	0.0000	0.0000	0.0000
1.90	3.0000	18.0000	0.0000	0.0000	0.0000	0.0000
2.00	3.0000	18.0000	0.0000	0.0000	0.0000	0.0000
2.10	3.0000	18.0000	0.0000	0.0000	0.0000	0.0000
2.20	3.0000	18.0000	0.0000	0.0000	0.0000	0.0000
2.30	3.0000	18.0000	0.0000	0.0000	0.0000	0.0000
2.40	3.0000	18.0000	0.0000	0.0000	0.0000	0.0000
2.50	3.0000	18.0000	0.0000	0.0000	0.0000	0.0000
2.60	3.0000	18.0000	0.0000	0.0000	0.0000	0.0000
2.70	3.0000	18.0000	0.0000	0.0000	0.0000	0.0000
2.80	3.0000	18.0000	0.0000	0.0000	0.0000	0.0000
2.90	3.0000	18.0000	0.0000	0.0000	0.0000	0.0000
3.00	3.0000	18.0000	0.0000	0.0000	0.0000	0.0000
3.10	3.0000	18.0000	0.0000	0.0000	0.0000	0.0000
3.20	3.0000	18.0000	0.0000	0.0000	0.0000	0.0000
3.30	3.0000	18.0000	0.0000	0.0000	0.0000	0.0000
3.40	3.0000	18.0000	0.0000	0.0000	0.0000	0.0000
3.50	3.0000	18.0000	0.0000	0.0000	0.0000	0.0000
3.60	3.0000	18.0000	0.0000	0.0000	0.0000	0.0000
3.70	3.0000	18.0000	0.0000	0.0000	0.0000	0.0000
3.80	3.0000	18.0000	0.0000	0.0000	0.0000	0.0000
3.90	3.0000	18.0000	0.0000	0.0000	0.0000	0.0000
4.00	3.0000	18.0000	0.0000	0.0000	0.0000	0.0000
4.10	3.0000	18.0000	0.0000	0.0000	0.0000	0.0000
4.20	3.0000	18.0000	0.0000	0.0000	0.0000	0.0000
4.30	3.0000	18.0000	0.0000	0.0000	0.0000	0.0000
4.40	3.0000	18.0000	0.0000	0.0000	0.0000	0.0000
4.50	3.0000	18.0000	0.0000	0.0000	0.0000	0.0000
4.60	3.0000	18.0000	0.0000	0.0000	0.0000	0.0000
4.70	3.0000	18.0000	0.0000	0.0000	0.0000	0.0000
4.80	3.0000	18.0000	0.0000	0.0000	0.0000	0.0000
4.90	3.0000	18.0000	0.0000	0.0000	0.0000	0.0000
5.00	3.0002	18.0000	0.0000	0.0000	0.0000	0.0000
5.10	3.0132	18.0000	0.0000	0.0000	0.0000	0.0000
5.20	3.0462	18.0000	0.0000	0.0000	0.0000	0.0000
5.30	3.0992	18.0000	0.0000	0.0000	0.0000	0.0000
5.40	3.1722	18.0000	0.0000	0.0000	0.0000	0.0000
5.50	3.2652	18.0000	0.0000	0.0000	0.0000	0.0000
5.60	3.3782	18.0000	0.0000	0.0000	0.0000	0.0000
5.70	3.5112	18.0000	0.0000	0.0000	0.0000	0.0000
5.80	3.6642	18.0000	0.0000	0.0000	0.0000	0.0000
5.90	3.8372	18.0000	0.0000	0.0000	0.0000	0.0000
6.00	4.0300	18.0000	0.0000	0.0000	0.0000	0.0000
6.10	4.2300	18.0000	0.0000	0.0000	0.0000	0.0000
6.20	4.4300	18.0000	0.0000	0.0000	0.0000	0.0000
6.30	4.6300	18.0000	0.0000	0.0000	0.0000	0.0000
6.40	4.8300	18.0000	0.0000	0.0000	0.0000	0.0000
6.50	5.0300	18.0000	0.0000	0.0000	0.0000	0.0000
6.60	5.2300	18.0000	0.0000	0.0000	0.0000	0.0000
6.70	5.4300	18.0000	0.0000	0.0000	0.0000	0.0000
6.80	5.6300	18.0000	0.0000	0.0000	0.0000	0.0000
6.90	5.8300	18.0000	0.0000	0.0000	0.0000	0.0000
7.00	6.0300	18.0000	0.0000	0.0000	0.0000	0.0000
7.10	6.2300	18.0000	0.0000	0.0000	0.0000	0.0000
7.20	6.4300	18.0000	0.0000	0.0000	0.0000	0.0000
7.30	6.6300	18.0000	0.0000	0.0000	0.0000	0.0000
7.40	6.8300	18.0000	0.0000	0.0000	0.0000	0.0000
7.50	7.0300	18.0000	0.0000	0.0000	0.0000	0.0000
7.60	7.2300	18.0000	0.0000	0.0000	0.0000	0.0000
7.70	7.4300	18.0000	0.0000	0.0000	0.0000	0.0000
7.80	7.6300	18.0000	0.0000	0.0000	0.0000	0.0000
7.90	7.8300	18.0000	0.0000	0.0000	0.0000	0.0000
8.00	8.0300	18.0000	0.0000	0.0000	0.0000	0.0000
8.10	8.2300	18.0000	0.0000	0.0000	0.0000	0.0000
8.20	8.4300	18.0000	0.0000	0.0000	0.0000	0.0000
8.30	8.6300	18.0000	0.0000	0.0000	0.0000	0.0000
8.40	8.8300	18.0000	0.0000	0.0000	0.0000	0.0000
8.50	9.0300	18.0000	0.0000	0.0000	0.0000	0.0000
8.60	9.2300	18.0000	0.0000	0.0000	0.0000	0.0000
8.70	9.4300	18.0000	0.0000	0.0000	0.0000	0.0000
8.80	9.6300	18.0000	0.0000	0.0000	0.0000	0.0000
8.90	9.8300	18.0000	0.0000	0.0000	0.0000	0.0000
9.00	10.0300	18.0000	0.0000	0.0000	0.0000	0.0000
9.10	10.2300	18.0000	0.0000	0.0000	0.0000	0.0000
9.20	10.4300	18.0000	0.0000	0.0000	0.0000	0.0000
9.30	10.6300	18.0000	0.0000	0.0000	0.0000	0.0000
9.40	10.8300	18.0000	0.0000	0.0000	0.0000	0.0000
9.50	11.0300	18.0000	0.0000	0.0000	0.0000	0.0000
9.60	11.2300	18.0000	0.0000	0.0000	0.0000	0.0000
9.70	11.4300	18.0000	0.0000	0.0000	0.0000	0.0000
9.80	11.6300	18.0000	0.0000	0.0000	0.0000	0.0000
9.90	11.8300	18.0000	0.0000	0.0000	0.0000	0.0000
10.00	12.0300	18.0000	0.0000	0.0000	0.0000	0.0000
10.10	12.2300	18.0000	0.0000	0.0000	0.0000	0.0000
10.20	12.4300	18.0000	0.0000	0.0000	0.0000	0.0000
10.30	12.6300	18.0000	0.0000	0.0000	0.0000	0.0000
10.40	12.8300	18.0000	0.0000	0.0000	0.0000	0.0000
10.50	13.0300	18.0000	0.0000	0.0000	0.0000	0.0000
10.60	13.2300	18.0000	0.0000	0.0000	0.0000	0.0000
10.70	13.4300	18.0000	0.0000	0.0000	0.0000	0.0000
10.80	13.6300	18.0000	0.0000	0.0000	0.0000	0.0000
10.90	13.8300	18.0000	0.0000	0.0000	0.0000	0.0000
11.00	14.0300	18.0000	0.0000	0.0000	0.0000	0.0000
11.10	14.2300	18.0000	0.0000	0.0000	0.0000	0.0000
11.20	14.4300	18.0000	0.0000	0.0000	0.0000	0.0000
11.30	14.6300	18.0000	0.0000	0.0000	0.0000	0.0000
11.40	14.8300	18.0000	0.0000	0.0000	0.0000	0.0000
11.50	15.0300	18.0000	0.0000	0.0000	0.0000	0.0000
11.60	15.2300	18.0000	0.0000	0.0000	0.0000	0.0000
11.70	15.4300	18.0000	0.0000	0.0000	0.0000	0.0000
11.80	15.6300	18.0000	0.0000	0.0000	0.0000	0.0000
11.90	15.8300	18.0000	0.0000	0.0000	0.0000	0.0000
12.00	16.0300	18.0000	0.0000	0.0000	0.0000	0.0000
12.10	16.2300	18.0000	0.0000	0.0000	0.0000	0.0000
12.20	16.4300	18.0000	0.0000	0.0000	0.0000	0.0000
12.30	16.6300	18.0000	0.0000	0.0000	0.0000	0.0000
12.40	16.8300	18.0000	0.0000	0.0000	0.0000	0.0000
12.50	17.0300	18.0000	0.0000	0.0000	0.0000	0.0000
12.60	17.2300	18.0000	0.0000	0.0000	0.0000	0.0000
12.70	17.4300	18.0000	0.0000	0.0000	0.0000	0.0000
12.80	17.6300	18.0000	0.0000	0.0000	0.0000	0.0000
12.90	17.8300	18.0000	0.0000	0.0000	0.0000	0.0000
13.00	18.0300	17.9997	0.0000	0.0000	0.0000	-0.0157
13.10	18.2286	17.9793	0.0000	0.0000	0.0000	-0.1728
13.20	18.4213	17.9282	0.0000	0.0000	0.0000	-0.3299
13.30	18.6035	17.8477	0.0000	0.0000	0.0000	-0.4869
13.40	18.7706	17.7398	0.0000	0.0000	0.0000	-0.6440
13.50	18.9185	17.6073	0.0000	0.0000	0.0000	-0.8011
13.60	19.0438	17.4534	0.0000	0.0000	0.0000	-0.9582
13.70	19.1433	17.2821	0.0000	0.0000	0.0000	-1.1153
13.80	19.2147	17.0975	0.0000	0.0000	0.0000	-1.2723
13.90	19.2563	16.9042	0.0000	0.0000	0.0000	-1.4294
14.00	19.2675	16.7071	0.0000	0.0000	0.0000	-1.5708
14.10	19.2675	16.5095	0.0000	0.0000	0.0000	-1.5708
14.20	19.2675	16.3119	0.0000	0.0000	0.0000	-1.5708
14.30	19.2674	16.1144	0.0000	0.0000	0.0000	-1.5708
14.40	19.2674	15.9168	0.0000	0.0000	0.0000	-1.5708
14.50	19.2674	15.7193	0.0000	0.0000	0.0000	-1.5708
14.60	19.2674	15.5217	0.0000	0.0000	0.0000	-1.5708
14.70	19.2674	15.3241	0.0000	0.0000	0.0000	-1.5708
14.80	19.2674	15.1266	0.0000	0.0000	0.0000	-1.5708
14.90	19.2674	14.9290	0.0000	0.0000	0.0000	-1.5708
15.00	19.2674	14.7315	0.0000	0.0000	0.0000	-1.5708
15.10	19.2673	14.5339	0.0000	0.0000	0.0000	-1.5708
15.20	19.2673	14.3364	0.0000	0.0000	0.0000	-1.5708
15.30	19.2673	14.1388	0.0000	0.0000	0.0000	-1.5708
15.40	19.2673	13.9412	0.0000	0.0000	0.0000	-1.5708
15.50	19.2673	13.7437	0.0000	0.0000	0.0000	-1.5708
15.60	19.2673	13.5461	0.0000	0.0000	0.0000	-1.5708
15.70	19.2673	13.3486	0.0000	0.0000	0.0000	-1.5708
15.80	19.2673	13.1510	0.0000	0.0000	0.0000	-1.5708
15.90	19.2672	12.9535	0.0000	0.0000	0.0000	-1.5708
16.00	19.2672	12.7559	0.0000	0.0000	0.0000	-1.5708
16.10	19.2672	12.5583	0.0000	0.0000	0.0000	-1.5708
16.20	19.2672	12.3608	0.0000	0.0000	0.0000	-1.5708
16.30	19.2672	12.1632	0.0000	0.0000	0.0000	-1.5708
16.40	19.2672	11.9657	0.0000	0.0000	0.0000	-1.5708
16.50	19.2672	11.7681	0.0000	0.0000	0.0000	-1.5708
16.60	19.2672	11.5706	0.0000	0.0000	0.0000	-1.5708
16.70	19.2671	11.3730	0.0000	0.0000	0.0000	-1.5708
16.80	19.2671	11.1754	0.0000	0.0000	0.0000	-1.5708
16.90	19.2671	10.9779	0.0000	0.0000	0.0000	-1.5708
17.00	19.2671	10.7803	0.0000	0.0000	0.0000	-1.5708
17.10	19.2671	10.5828	0.0000	0.0000	0.0000	-1.5708
17.20	19.2671	10.3852	0.0000	0.0000	0.0000	-1.5708
17.30	19.2671	10.1876	0.0000	0.0000	0.0000	-1.5708
17.40	19.2670	9.9901	0.0000	0.0000	0.0000	-1.5708
17.50	19.2670	9.7925	0.0000	0.0000	0.0000	-1.5708
17.60	19.2670	9.5950	0.0000	0.0000	0.0000	-1.5708
17.70	19.2670	9.3974	0.0000	0.0000	0.0000	-1.5708
17.80	19.2670	9.1999	0.0000	0.0000	0.0000	-1.5708
17.90	19.2670	9.0023	0.0000	0.0000	0.0000	-1.5708
18.00	19.2670	8.8047	0.0000	0.0000	0.0000	-1.5708
18.10	19.2670	8.6072	0.0000	0.0000	0.0000	-1.5708
18.20	19.2669	8.4096	0.0000	0.0000	0.0000	-1.5708
18.30	19.2669	8.2121	0.0000	0.0000	0.0000	-1.5708
18.40	19.2669	8.0145	0.0000	0.0000	0.0000	-1.5708
18.50	19.2669	7.8170	0.0000	0.0000	0.0000	-1.5708
18.60	19.2669	7.6194	0.0000	0.0000	0.0000	-1.5708
18.70	19.2669	7.4218	0.0000	0.0000	0.0000	-1.5708
18.80	19.2669	7.2243	0.0000	0.0000	0.0000	-1.5708
18.90	19.2669	7.0267	0.0000	0.0000	0.0000	-1.5708
19.00	19.2668	6.8292	-0.0001	0.0000	0.0052	-1.5708
19.10	19.2668	6.6318	-0.0068	0.0000	0.0576	-1.5708
19.20	19.2668	6.4350	-0.0239	0.0000	0.1100	-1.5708
19.30	19.2668	6.2394	-0.0512	0.0000	0.1623	-1.5708
19.40	19.2668	6.0456	-0.0887	0.0000	0.2147	-1.5708
19.50	19.2668	5.8540	-0.1363	0.0000	0.2670	-1.5708
19.60	19.2668	5.6652	-0.1938	0.0000	0.3194	-1.5708
19.70	19.2668	5.4797	-0.2612	0.0000	0.3718	-1.5708
19.80	19.2667	5.2980	-0.3381	0.0000	0.4241	-1.5708
19.90	19.2667	5.1206	-0.4244	0.0000	0.4765	-1.5708
20.00	19.2667	4.9479	-0.5197	0.0000	0.5184	-1.5708
20.10	19.2667	4.7738	-0.6125	0.0000	0.4660	-1.5708
20.20	19.2667	4.5951	-0.6960	0.0000	0.4136	-1.5708
20.30	19.2667	4.4123	-0.7700	0.0000	0.3613	-1.5708
20.40	19.2667	4.2260	-0.8344	0.0000	0.3089	-1.5708
20.50	19.2667	4.0365	-0.8889	0.0000	0.2566	-1.5708
20.60	19.2666	3.8445	-0.9334	0.0000	0.2042	-1.5708
20.70	19.2666	3.6504	-0.9678	0.0000	0.1518	-1.5708
20.80	19.2666	3.4549	-0.9920	0.0000	0.0995	-1.5708
20.90	19.2666	3.2583	-1.0059	0.0000	0.0471	-1.5708
21.00	19.2663	3.0614	-1.0096	0.0000	-0.0000	-1.5865
21.10	19.2462	2.8657	-1.0096	0.0000	-0.0000	-1.7436
21.20	19.1959	2.6759	-1.0096	0.0000	-0.0000	-1.9007
21.30	19.1165	2.4964	-1.0096	0.0000	-0.0000	-2.0577
21.40	19.0102	2.3318	-1.0096	0.0000	-0.0000	-2.2148
21.50	18.8797	2.1861	-1.0096	0.0000	-0.0000	-2.3719
21.60	18.7281	2.0627	-1.0096	0.0000	-0.0000	-2.5290
21.70	18.5592	1.9646	-1.0096	0.0000	-0.0000	-2.6861
21.80	18.3774	1.8943	-1.0096	0.0000	-0.0000	-2.8431
21.90	18.1870	1.8533	-1.0096	0.0000	-0.0000	-3.0002
22.00	17.9928	1.8424	-1.0096	0.0000	-0.0000	-3.1416
22.10	17.7981	1.8424	-1.0096	0.0000	-0.0000	-3.1416
22.20	17.6035	1.8424	-1.0096	0.0000	-0.0000	-3.1416
22.30	17.4089	1.8424	-1.0096	0.0000	-0.0000	-3.1416
22.40	17.2142	1.8425	-1.0096	0.0000	-0.0000	-3.1416
22.50	17.0196	1.8425	-1.0096	0.0000	-0.0000	-3.1416
22.60	16.8250	1.8425	-1.0096	0.0000	-0.0000	-3.1416
22.70	16.6303	1.8425	-1.0096	0.0000	-0.0000	-3.1416
22.80	16.4357	1.8426	-1.0096	0.0000	-0.0000	-3.1416
22.90	16.2411	1.8426	-1.0096	0.0000	-0.0000	-3.1416
23.00	16.0465	1.8426	-1.0096	0.0000	-0.0000	-3.1416
23.10	15.8518	1.8426	-1.0096	0.0000	-0.0000	-3.1416
23.20	15.6572	1.8427	-1.0096	0.0000	-0.0000	-3.1416
23.30	15.4626	1.8427	-1.0096	0.0000	-0.0000	-3.1416
23.40	15.2679	1.8427	-1.0096	0.0000	-0.0000	-3.1416
23.50	15.0733	1.8427	-1.0096	0.0000	-0.0000	-3.1416
23.60	14.8787	1.8428	-1.0096	0.0000	-0.0000	-3.1416
23.70	14.6840	1.8428	-1.0096	0.0000	-0.0000	-3.1416
23.80	14.4894	1.8428	-1.0096	0.0000	-0.0000	-3.1416
23.90	14.2948	1.8428	-1.0096	0.0000	-0.0000	-3.1416
24.00	14.1002	1.8429	-1.0096	0.0000	-0.0000	-3.1416
24.10	13.9055	1.8429	-1.0096	0.0000	-0.0000	-3.1416
24.20	13.7109	1.8429	-1.0096	0.0000	-0.0000	-3.1416
24.30	13.5163	1.8429	-1.0096	0.0000	-0.0000	-3.1416
24.40	13.3216	1.8430	-1.0096	0.0000	-0.0000	-3.1416
24.50	13.1270	1.8430	-1.0096	0.0000	-0.0000	-3.1416
24.60	12.9324	1.8430	-1.0096	0.0000	-0.0000	-3.1416
24.70	12.7377	1.8431	-1.0096	0.0000	-0.0000	-3.1416
24.80	12.5431	1.8431	-1.0096	0.0000	-0.0000	-3.1416
24.90	12.3485	1.8431	-1.0096	0.0000	-0.0000	-3.1416
25.00	12.1538	1.8431	-1.0096	0.0000	-0.0000	-3.1416
25.10	11.9592	1.8432	-1.0096	0.0000	-0.0000	-3.1416
25.20	11.7646	1.8432	-1.0096	0.0000	-0.0000	-3.1416
25.30	11.5700	1.8432	-1.0096	0.0000	-0.0000	-3.1416
25.40	11.3753	1.8432	-1.0096	0.0000	-0.0000	-3.1416
25.50	11.1807	1.8433	-1.0096	0.0000	-0.0000	-3.1416
25.60	10.9861	1.8433	-1.0096	0.0000	-0.0000	-3.1416
25.70	10.7914	1.8433	-1.0096	0.0000	-0.0000	-3.1416
25.80	10.5968	1.8433	-1.0096	0.0000	-0.0000	-3.1416
25.90	10.4022	1.8434	-1.0096	0.0000	-0.0000	-3.1416
26.00	10.2075	1.8434	-1.0096	0.0000	-0.0000	-3.1416
26.10	10.0129	1.8434	-1.0096	0.0000	-0.0000	-3.1416
26.20	9.8183	1.8434	-1.0096	0.0000	-0.0000	-3.1416
26.30	9.6237	1.8435	-1.0096	0.0000	-0.0000	-3.1416
26.40	9.4290	1.8435	-1.0096	0.0000	-0.0000	-3.1416
26.50	9.2344	1.8435	-1.0096	0.0000	-0.0000	-3.1416
26.60	9.0398	1.8435	-1.0096	0.0000	-0.0000	-3.1416
26.70	8.8451	1.8436	-1.0096	0.0000	-0.0000	-3.1416
26.80	8.6505	1.8436	-1.0096	0.0000	-0.0000	-3.1416
26.90	8.4559	1.8436	-1.0096	0.0000	-0.0000	-3.1416
27.00	8.2612	1.8436	-1.0096	0.0000	-0.0000	-3.1416
27.10	8.0666	1.8437	-1.0096	0.0000	-0.0000	-3.1416
27.20	7.8720	1.8437	-1.0096	0.0000	-0.0000	-3.1416
27.30	7.6773	1.8437	-1.0096	0.0000	-0.0000	-3.1416
27.40	7.4827	1.8437	-1.0096	0.0000	-0.0000	-3.1416
27.50	7.2881	1.8438	-1.0096	0.0000	-0.0000	-3.1416
27.60	7.0935	1.8438	-1.0096	0.0000	-0.0000	-3.1416
27.70	6.8988	1.8438	-1.0096	0.0000	-0.0000	-3.1416
27.80	6.7042	1.8438	-1.0096	0.0000	-0.0000	-3.1416
27.90	6.5096	1.8439	-1.0096	0.0000	-0.0000	-3.1416
28.00	6.3149	1.8439	-1.0096	0.0000	-0.0000	-3.1416
28.10	6.1203	1.8439	-1.0096	0.0000	-0.0000	-3.1416
28.20	5.9257	1.8439	-1.0096	0.0000	-0.0000	-3.1416
28.30	5.7310	1.8440	-1.0096	0.0000	-0.0000	-3.1416
28.40	5.5364	1.8440	-1.0096	0.0000	-0.0000	-3.1416
28.50	5.3418	1.8440	-1.0096	0.0000	-0.0000	-3.1416
28.60	5.1471	1.8440	-1.0096	0.0000	-0.0000	-3.1416
28.70	4.9525	1.8441	-1.0096	0.0000	-0.0000	-3.1416
28.80	4.7579	1.8441	-1.0096	0.0000	-0.0000	-3.1416
28.90	4.5633	1.8441	-1.0096	0.0000	-0.0000	-3.1416
29.00	4.3686	1.8444	-1.0096	0.0000	-0.0000	-3.1573
29.10	4.1754	1.8643	-1.0096	0.0000	-0.0000	-3.3144
29.20	3.9878	1.9140	-1.0096	0.0000	-0.0000	-3.4715
29.30	3.8106	1.9924	-1.0096	0.0000	-0.0000	-3.6285
29.40	3.6480	2.0974	-1.0096	0.0000	-0.0000	-3.7856
29.50	3.5040	2.2264	-1.0096	0.0000	-0.0000	-3.9427
29.60	3.3821	2.3762	-1.0096	0.0000	-0.0000	-4.0998
29.70	3.2852	2.5430	-1.0096	0.0000	-0.0000	-4.2569
29.80	3.2157	2.7227	-1.0096	0.0000	-0.0000	-4.4139
29.90	3.1753	2.9108	-1.0096	0.0000	-0.0000	-4.5710
30.00	3.1644	3.1027	-1.0096	0.0000	-0.0000	-4.7124
30.10	3.1645	3.2950	-1.0096	0.0000	-0.0000	-4.7124
30.20	3.1645	3.4873	-1.0096	0.0000	-0.0000	-4.7124
30.30	3.1646	3.6796	-1.0096	0.0000	-0.0000	-4.7124
30.40	3.1646	3.8719	-1.0096	0.0000	-0.0000	-4.7124
30.50	3.1646	4.0642	-1.0096	0.0000	-0.0000	-4.7124
30.60	3.1647	4.2564	-1.0096	0.0000	-0.0000	-4.7124
30.70	3.1647	4.4487	-1.0096	0.0000	-0.0000	-4.7124
30.80	3.1647	4.6410	-1.0096	0.0000	-0.0000	-4.7124
30.90	3.1648	4.8333	-1.0096	0.0000	-0.0000	-4.7124
31.00	3.1648	5.0256	-1.0096	0.0000	-0.0000	-4.7124
31.10	3.1648	5.2179	-1.0096	0.0000	-0.0000	-4.7124
31.20	3.1649	5.4102	-1.0096	0.0000	-0.0000	-4.7124
31.30	3.1649	5.6025	-1.0096	0.0000	-0.0000	-4.7124
31.40	3.1650	5.7948	-1.0096	0.0000	-0.0000	-4.7124
31.50	3.1650	5.9871	-1.0096	0.0000	-0.0000	-4.7124
31.60	3.1650	6.1794	-1.0096	0.0000	-0.0000	-4.7124
31.70	3.1651	6.3717	-1.0096	0.0000	-0.0000	-4.7124
31.80	3.1651	6.5640	-1.0096	0.0000	-0.0000	-4.7124
31.90	3.1651	6.7563	-1.0096	0.0000	-0.0000	-4.7124
32.00	3.1652	6.9485	-1.0096	0.0000	-0.0000	-4.7124
32.10	3.1652	7.1408	-1.0096	0.0000	-0.0000	-4.7124
32.20	3.1653	7.3331	-1.0096	0.0000	-0.0000	-4.7124
32.30	3.1653	7.5254	-1.0096	0.0000	-0.0000	-4.7124
32.40	3.1653	7.7177	-1.0096	0.0000	-0.0000	-4.7124
32.50	3.1654	7.9100	-1.0096	0.0000	-0.0000	-4.7124
32.60	3.1654	8.1023	-1.0096	0.0000	-0.0000	-4.7124
32.70	3.1654	8.2946	-1.0096	0.0000	-0.0000	-4.7124
32.80	3.1655	8.4869	-1.0096	0.0000	-0.0000	-4.7124
32.90	3.1655	8.6792	-1.0096	0.0000	-0.0000	-4.7124
33.00	3.1656	8.8715	-1.0096	0.0000	-0.0000	-4.7124
33.10	3.1656	9.0638	-1.0096	0.0000	-0.0000	-4.7124
33.20	3.1656	9.2561	-1.0096	0.0000	-0.0000	-4.7124
33.30	3.1657	9.4484	-1.0096	0.0000	-0.0000	-4.7124
33.40	3.1657	9.6406	-1.0096	0.0000	-0.0000	-4.7124
33.50	3.1657	9.8329	-1.0096	0.0000	-0.0000	-4.7124
33.60	3.1658	10.0252	-1.0096	0.0000	-0.0000	-4.7124
33.70	3.1658	10.2175	-1.0096	0.0000	-0.0000	-4.7124
33.80	3.1659	10.4098	-1.0096	0.0000	-0.0000	-4.7124
33.90	3.1659	10.6021	-1.0096	0.0000	-0.0000	-4.7124
34.00	3.1659	10.7944	-1.0096	0.0000	-0.0000	-4.7124
34.10	3.1660	10.9867	-1.0096	0.0000	-0.0000	-4.7124
34.20	3.1660	11.1790	-1.0096	0.0000	-0.0000	-4.7124
34.30	3.1660	11.3713	-1.0096	0.0000	-0.0000	-4.7124
34.40	3.1661	11.5636	-1.0096	0.0000	-0.0000	-4.7124
34.50	3.1661	11.7559	-1.0096	0.0000	-0.0000	-4.7124
34.60	3.1662	11.9482	-1.0096	0.0000	-0.0000	-4.7124
34.70	3.1662	12.1405	-1.0096	0.0000	-0.0000	-4.7124
34.80	3.1662	12.3327	-1.0096	0.0000	-0.0000	-4.7124
34.90	3.1663	12.5250	-1.0096	0.0000	-0.0000	-4.7124
35.00	3.1663	12.7173	-1.0096	0.0000	-0.0000	-4.7124
35.10	3.1663	12.9096	-1.0096	0.0000	-0.0000	-4.7124
35.20	3.1664	13.1019	-1.0096	0.0000	-0.0000	-4.7124
35.30	3.1664	13.2942	-1.0096	0.0000	-0.0000	-4.7124
35.40	3.1665	13.4865	-1.0096	0.0000	-0.0000	-4.7124
35.50	3.1665	13.6788	-1.0096	0.0000	-0.0000	-4.7124
35.60	3.1665	13.8711	-1.0096	0.0000	-0.0000	-4.7124
35.70	3.1666	14.0634	-1.0096	0.0000	-0.0000	-4.7124
35.80	3.1666	14.2557	-1.0096	0.0000	-0.0000	-4.7124
35.90	3.1666	14.4480	-1.0096	0.0000	-0.0000	-4.7124
36.00	3.1667	14.6403	-1.0096	0.0000	-0.0000	-4.7124
36.10	3.1667	14.8325	-1.0096	0.0000	-0.0000	-4.7124
36.20	3.1668	15.0248	-1.0096	0.0000	-0.0000	-4.7124
36.30	3.1668	15.2171	-1.0096	0.0000	-0.0000	-4.7124
36.40	3.1668	15.4094	-1.0096	0.0000	-0.0000	-4.7124
36.50	3.1669	15.6017	-1.0096	0.0000	-0.0000	-4.7124
36.60	3.1669	15.7940	-1.0096	0.0000	-0.0000	-4.7124
36.70	3.1669	15.9863	-1.0096	0.0000	-0.0000	-4.7124
36.80	3.1670	16.1786	-1.0096	0.0000	-0.0000	-4.7124
36.90	3.1670	16.3709	-1.0096	0.0000	-0.0000	-4.7124
37.00	3.1674	16.5632	-1.0096	0.0000	-0.0000	-4.7281
37.10	3.1870	16.7541	-1.0096	0.0000	-0.0000	-4.8852
37.20	3.2361	16.9394	-1.0096	0.0000	-0.0000	-5.0423
37.30	3.3136	17.1145	-1.0096	0.0000	-0.0000	-5.1993
37.40	3.4174	17.2752	-1.0096	0.0000	-0.0000	-5.3564
37.50	3.5448	17.4175	-1.0096	0.0000	-0.0000	-5.5135
37.60	3.6928	17.5379	-1.0096	0.0000	-0.0000	-5.6706
37.70	3.8576	17.6336	-1.0096	0.0000	-0.0000	-5.8277
37.80	4.0352	17.7022	-1.0096	0.0000	-0.0000	-5.9847
37.90	4.2210	17.7422	-1.0096	0.0000	-0.0000	-6.1418
38.00	4.4106	17.7529	-1.0096	0.0000	-0.0000	-6.2832
38.10	4.6007	17.7528	-1.0096	0.0000	-0.0000	-6.2832
38.20	4.7907	17.7528	-1.0096	0.0000	-0.0000	-6.2832
38.30	4.9807	17.7527	-1.0096	0.0000	-0.0000	-6.2832
38.40	5.1707	17.7527	-1.0096	0.0000	-0.0000	-6.2832
38.50	5.3607	17.7526	-1.0096	0.0000	-0.0000	-6.2832
38.60	5.5507	17.7526	-1.0096	0.0000	-0.0000	-6.2832
38.70	5.7407	17.7525	-1.0096	0.0000	-0.0000	-6.2832
38.80	5.9307	17.7525	-1.0096	0.0000	-0.0000	-6.2832
38.90	6.1207	17.7524	-1.0096	0.0000	-0.0000	-6.2832
39.00	6.3107	17.7524	-1.0096	0.0000	-0.0000	-6.2832
39.10	6.5007	17.7523	-1.0096	0.0000	-0.0000	-6.2832
39.20	6.6907	17.7523	-1.0096	0.0000	-0.0000	-6.2832
39.30	6.8807	17.7522	-1.0096	0.0000	-0.0000	-6.2832
39.40	7.0707	17.7522	-1.0096	0.0000	-0.0000	-6.2832
39.50	7.2607	17.7521	-1.0096	0.0000	-0.0000	-6.2832
39.60	7.4507	17.7521	-1.0096	0.0000	-0.0000	-6.2832
39.70	7.6407	17.7520	-1.0096	0.0000	-0.0000	-6.2832
39.80	7.8307	17.7520	-1.0096	0.0000	-0.0000	-6.2832
39.90	8.0207	17.7519	-1.0096	0.0000	-0.0000	-6.2832
40.00	8.2107	17.7519	-1.0096	0.0000	-0.0000	-6.2832
40.10	8.4007	17.7518	-1.0096	0.0000	-0.0000	-6.2832
40.20	8.5907	17.7518	-1.0096	0.0000	-0.0000	-6.2832
40.30	8.7807	17.7517	-1.0096	0.0000	-0.0000	-6.2832
40.40	8.9707	17.7517	-1.0096	0.0000	-0.0000	-6.2832
40.50	9.1607	17.7516	-1.0096	0.0000	-0.0000	-6.2832
40.60	9.3507	17.7516	-1.0096	0.0000	-0.0000	-6.2832
40.70	9.5407	17.7515	-1.0096	0.0000	-0.0000	-6.2832
40.80	9.7307	17.7515	-1.0096	0.0000	-0.0000	-6.2832
40.90	9.9207	17.7514	-1.0096	0.0000	-0.0000	-6.2832
41.00	10.1107	17.7514	-1.0096	0.0000	-0.0000	-6.2832
41.10	10.3007	17.7513	-1.0096	0.0000	-0.0000	-6.2832
41.20	10.4907	17.7513	-1.0096	0.0000	-0.0000	-6.2832
41.30	10.6807	17.7513	-1.0096	0.0000	-0.0000	-6.2832
41.40	10.8707	17.7512	-1.0096	0.0000	-0.0000	-6.2832
41.50	11.0607	17.7512	-1.0096	0.0000	-0.0000	-6.2832
41.60	11.2507	17.7511	-1.0096	0.0000	-0.0000	-6.2832
41.70	11.4407	17.7511	-1.0096	0.0000	-0.0000	-6.2832
41.80	11.6307	17.7510	-1.0096	0.0000	-0.0000	-6.2832
41.90	11.8207	17.7510	-1.0096	0.0000	-0.0000	-6.2832
42.00	12.0107	17.7509	-1.0096	0.0000	-0.0000	-6.2832
42.10	12.2007	17.7509	-1.0096	0.0000	-0.0000	-6.2832
42.20	12.3907	17.7508	-1.0096	0.0000	-0.0000	-6.2832
42.30	12.5807	17.7508	-1.0096	0.0000	-0.0000	-6.2832
42.40	12.7708	17.7507	-1.0096	0.0000	-0.0000	-6.2832
42.50	12.9608	17.7507	-1.0096	0.0000	-0.0000	-6.2832
42.60	13.1508	17.7506	-1.0096	0.0000	-0.0000	-6.2832
42.70	13.3408	17.7506	-1.0096	0.0000	-0.0000	-6.2832
42.80	13.5308	17.7505	-1.0096	0.0000	-0.0000	-6.2832
42.90	13.7208	17.7505	-1.0096	0.0000	-0.0000	-6.2832
43.00	13.9108	17.7504	-1.0096	0.0000	-0.0000	-6.2832
43.10	14.1008	17.7504	-1.0096	0.0000	-0.0000	-6.2832
43.20	14.2908	17.7503	-1.0096	0.0000	-0.0000	-6.2832
43.30	14.4808	17.7503	-1.0096	0.0000	-0.0000	-6.2832
43.40	14.6708	17.7502	-1.0096	0.0000	-0.0000	-6.2832
43.50	14.8608	17.7502	-1.0096	0.0000	-0.0000	-6.2832
43.60	15.0508	17.7501	-1.0096	0.0000	-0.0000	-6.2832
43.70	15.2408	17.7501	-1.0096	0.0000	-0.0000	-6.2832
43.80	15.4308	17.7500	-1.0096	0.0000	-0.0000	-6.2832
43.90	15.6208	17.7500	-1.0096	0.0000	-0.0000	-6.2832
44.00	15.8108	17.7499	-1.0096	0.0000	-0.0000	-6.2832
44.10	16.0008	17.7499	-1.0096	0.0000	-0.0000	-6.2832
44.20	16.1908	17.7498	-1.0096	0.0000	-0.0000	-6.2832
44.30	16.3808	17.7498	-1.0096	0.0000	-0.0000	-6.2832
44.40	16.5708	17.7497	-1.0096	0.0000	-0.0000	-6.2832
44.50	16.7608	17.7497	-1.0096	0.0000	-0.0000	-6.2832
44.60	16.9508	17.7496	-1.0096	0.0000	-0.0000	-6.2832
44.70	17.1408	17.7496	-1.0096	0.0000	-0.0000	-6.2832
44.80	17.3308	17.7495	-1.0096	0.0000	-0.0000	-6.2832
44.90	17.5208	17.7495	-1.0096	0.0000	-0.0000	-6.2832
45.00	17.7108	17.7491	-1.0096	0.0000	-0.0000	-6.2989
45.10	17.8995	17.7298	-1.0096	0.0000	-0.0000	-6.4560
45.20	18.0826	17.6812	-1.0096	0.0000	-0.0000	-6.6131
45.30	18.2556	17.6046	-1.0096	0.0000	-0.0000	-6.7701
45.40	18.4143	17.5021	-1.0096	0.0000	-0.0000	-6.9272
45.50	18.5549	17.3761	-1.0096	0.0000	-0.0000	-7.0843
45.60	18.6739	17.2298	-1.0096	0.0000	-0.0000	-7.2414
45.70	18.7684	17.0670	-1.0096	0.0000	-0.0000	-7.3985
45.80	18.8363	16.8915	-1.0096	0.0000	-0.0000	-7.5555
45.90	18.8757	16.7079	-1.0096	0.0000	-0.0000	-7.7126
46.00	18.8863	16.5205	-1.0096	0.0000	-0.0000	-7.8540
46.10	18.8862	16.3327	-1.0096	0.0000	-0.0000	-7.8540
46.20	18.8862	16.1450	-1.0096	0.0000	-0.0000	-7.8540
46.30	18.8861	15.9572	-1.0096	0.0000	-0.0000	-7.8540
46.40	18.8861	15.7695	-1.0096	0.0000	-0.0000	-7.8540
46.50	18.8860	15.5817	-1.0096	0.0000	-0.0000	-7.8540
46.60	18.8859	15.3939	-1.0096	0.0000	-0.0000	-7.8540
46.70	18.8859	15.2062	-1.0096	0.0000	-0.0000	-7.8540
46.80	18.8858	15.0184	-1.0096	0.0000	-0.0000	-7.8540
46.90	18.8857	14.8307	-1.0096	0.0000	-0.0000	-7.8540
47.00	18.8857	14.6429	-1.0096	0.0000	-0.0000	-7.8540
47.10	18.8856	14.4551	-1.0096	0.0000	-0.0000	-7.8540
47.20	18.8856	14.2674	-1.0096	0.0000	-0.0000	-7.8540
47.30	18.8855	14.0796	-1.0096	0.0000	-0.0000	-7.8540
47.40	18.8854	13.8919	-1.0096	0.0000	-0.0000	-7.8540
47.50	18.8854	13.7041	-1.0096	0.0000	-0.0000	-7.8540
47.60	18.8853	13.5164	-1.0096	0.0000	-0.0000	-7.8540
47.70	18.8853	13.3286	-1.0096	0.0000	-0.0000	-7.8540
47.80	18.8852	13.1408	-1.0096	0.0000	-0.0000	-7.8540
47.90	18.8851	12.9531	-1.0096	0.0000	-0.0000	-7.8540
48.00	18.8851	12.7653	-1.0096	0.0000	-0.0000	-7.8540
48.10	18.8850	12.5776	-1.0096	0.0000	-0.0000	-7.8540
48.20	18.8850	12.3898	-1.0096	0.0000	-0.0000	-7.8540
48.30	18.8849	12.2021	-1.0096	0.0000	-0.0000	-7.8540
48.40	18.8848	12.0143	-1.0096	0.0000	-0.0000	-7.8540
48.50	18.8848	11.8265	-1.0096	0.0000	-0.0000	-7.8540
48.60	18.8847	11.6388	-1.0096	0.0000	-0.0000	-7.8540
48.70	18.8847	11.4510	-1.0096	0.0000	-0.0000	-7.8540
48.80	18.8846	11.2633	-1.0096	0.0000	-0.0000	-7.8540
48.90	18.8845	11.0755	-1.0096	0.0000	-0.0000	-7.8540
49.00	18.8845	10.8877	-1.0096	0.0000	-0.0000	-7.8540
49.10	18.8844	10.7000	-1.0096	0.0000	-0.0000	-7.8540
49.20	18.8844	10.5122	-1.0096	0.0000	-0.0000	-7.8540
49.30	18.8843	10.3245	-1.0096	0.0000	-0.0000	-7.8540
49.40	18.8842	10.1367	-1.0096	0.0000	-0.0000	-7.8540
49.50	18.8842	9.9490	-1.0096	0.0000	-0.0000	-7.8540
49.60	18.8841	9.7612	-1.0096	0.0000	-0.0000	-7.8540
49.70	18.8841	9.5734	-1.0096	0.0000	-0.0000	-7.8540
49.80	18.8840	9.3857	-1.0096	0.0000	-0.0000	-7.8540
49.90	18.8839	9.1979	-1.0096	0.0000	-0.0000	-7.8540
50.00	18.8839	9.0102	-1.0096	0.0000	-0.0000	-7.8540
50.10	18.8838	8.8224	-1.0096	0.0000	-0.0000	-7.8540
50.20	18.8837	8.6346	-1.0096	0.0000	-0.0000	-7.8540
50.30	18.8837	8.4469	-1.0096	0.0000	-0.0000	-7.8540
50.40	18.8836	8.2591	-1.0096	0.0000	-0.0000	-7.8540
50.50	18.8836	8.0714	-1.0096	0.0000	-0.0000	-7.8540
50.60	18.8835	7.8836	-1.0096	0.0000	-0.0000	-7.8540
50.70	18.8834	7.6959	-1.0096	0.0000	-0.0000	-7.8540
50.80	18.8834	7.5081	-1.0096	0.0000	-0.0000	-7.8540
50.90	18.8833	7.3203	-1.0096	0.0000	-0.0000	-7.8540
51.00	18.8833	7.1326	-1.0097	0.0000	0.0052	-7.8540
51.10	18.8832	6.9450	-1.0161	0.0000	0.0576	-7.8540
51.20	18.8831	6.7580	-1.0323	0.0000	0.1100	-7.8540
51.30	18.8831	6.5721	-1.0582	0.0000	0.1623	-7.8540
51.40	18.8830	6.3879	-1.0939	0.0000	0.2147	-7.8540
51.50	18.8830	6.2058	-1.1391	0.0000	0.2670	-7.8540
51.60	18.8829	6.0264	-1.1938	0.0000	0.3194	-7.8540
51.70	18.8828	5.8500	-1.2578	0.0000	0.3718	-7.8540
51.80	18.8828	5.6773	-1.3309	0.0000	0.4241	-7.8540
51.90	18.8827	5.5087	-1.4130	0.0000	0.4765	-7.8540
52.00	18.8827	5.3446	-1.5036	0.0000	0.5184	-7.8540
52.10	18.8826	5.1791	-1.5917	0.0000	0.4660	-7.8540
52.20	18.8825	5.0093	-1.6711	0.0000	0.4136	-7.8540
52.30	18.8825	4.8356	-1.7414	0.0000	0.3613	-7.8540
52.40	18.8824	4.6585	-1.8026	0.0000	0.3089	-7.8540
52.50	18.8824	4.4784	-1.8544	0.0000	0.2566	-7.8540
52.60	18.8823	4.2960	-1.8967	0.0000	0.2042	-7.8540
52.70	18.8822	4.1115	-1.9294	0.0000	0.1518	-7.8540
52.80	18.8822	3.9256	-1.9524	0.0000	0.0995	-7.8540
52.90	18.8821	3.7389	-1.9656	0.0000	0.0471	-7.8540
53.00	18.8818	3.5517	-1.9691	0.0000	-0.0000	-7.8697
53.10	18.8626	3.3657	-1.9691	0.0000	-0.0000	-8.0268
53.20	18.8147	3.1853	-1.9691	0.0000	-0.0000	-8.1838
53.30	18.7393	3.0148	-1.9691	0.0000	-0.0000	-8.3409
53.40	18.6382	2.8583	-1.9691	0.0000	-0.0000	-8.4980
53.50	18.5140	2.7198	-1.9691	0.0000	-0.0000	-8.6551
53.60	18.3699	2.6025	-1.9691	0.0000	-0.0000	-8.8122
53.70	18.2094	2.5094	-1.9691	0.0000	-0.0000	-8.9692
53.80	18.0365	2.4426	-1.9691	0.0000	-0.0000	-9.1263
53.90	17.8555	2.4037	-1.9691	0.0000	-0.0000	-9.2834
54.00	17.6708	2.3933	-1.9691	0.0000	-0.0000	-9.4248
54.10	17.4857	2.3933	-1.9691	0.0000	-0.0000	-9.4248
54.20	17.3007	2.3934	-1.9691	0.0000	-0.0000	-9.4248
54.30	17.1156	2.3935	-1.9691	0.0000	-0.0000	-9.4248
54.40	16.9306	2.3936	-1.9691	0.0000	-0.0000	-9.4248
54.50	16.7455	2.3936	-1.9691	0.0000	-0.0000	-9.4248
54.60	16.5605	2.3937	-1.9691	0.0000	-0.0000	-9.4248
54.70	16.3754	2.3938	-1.9691	0.0000	-0.0000	-9.4248
54.80	16.1904	2.3938	-1.9691	0.0000	-0.0000	-9.4248
54.90	16.0053	2.3939	-1.9691	0.0000	-0.0000	-9.4248
55.00	15.8203	2.3940	-1.9691	0.0000	-0.0000	-9.4248
55.10	15.6352	2.3941	-1.9691	0.0000	-0.0000	-9.4248
55.20	15.4502	2.3941	-1.9691	0.0000	-0.0000	-9.4248
55.30	15.2651	2.3942	-1.9691	0.0000	-0.0000	-9.4248
55.40	15.0801	2.3943	-1.9691	0.0000	-0.0000	-9.4248
55.50	14.8950	2.3944	-1.9691	0.0000	-0.0000	-9.4248
55.60	14.7100	2.3944	-1.9691	0.0000	-0.0000	-9.4248
55.70	14.5249	2.3945	-1.9691	0.0000	-0.0000	-9.4248
55.80	14.3399	2.3946	-1.9691	0.0000	-0.0000	-9.4248
55.90	14.1548	2.3946	-1.9691	0.0000	-0.0000	-9.4248
56.00	13.9698	2.3947	-1.9691	0.0000	-0.0000	-9.4248
56.10	13.7847	2.3948	-1.9691	0.0000	-0.0000	-9.4248
56.20	13.5997	2.3949	-1.9691	0.0000	-0.0000	-9.4248
56.30	13.4146	2.3949	-1.9691	0.0000	-0.0000	-9.4248
56.40	13.2295	2.3950	-1.9691	0.0000	-0.0000	-9.4248
56.50	13.0445	2.3951	-1.9691	0.0000	-0.0000	-9.4248
56.60	12.8594	2.3951	-1.9691	0.0000	-0.0000	-9.4248
56.70	12.6744	2.3952	-1.9691	0.0000	-0.0000	-9.4248
56.80	12.4893	2.3953	-1.9691	0.0000	-0.0000	-9.4248
56.90	12.3043	2.3954	-1.9691	0.0000	-0.0000	-9.4248
57.00	12.1192	2.3954	-1.9691	0.0000	-0.0000	-9.4248
57.10	11.9342	2.3955	-1.9691	0.0000	-0.0000	-9.4248
57.20	11.7491	2.3956	-1.9691	0.0000	-0.0000	-9.4248
57.30	11.5641	2.3956	-1.9691	0.0000	-0.0000	-9.4248
57.40	11.3790	2.3957	-1.9691	0.0000	-0.0000	-9.4248
57.50	11.1940	2.3958	-1.9691	0.0000	-0.0000	-9.4248
57.60	11.0089	2.3959	-1.9691	0.0000	-0.0000	-9.4248
57.70	10.8239	2.3959	-1.9691	0.0000	-0.0000	-9.4248
57.80	10.6388	2.3960	-1.9691	0.0000	-0.0000	-9.4248
57.90	10.4538	2.3961	-1.9691	0.0000	-0.0000	-9.4248
58.00	10.2687	2.3961	-1.9691	0.0000	-0.0000	-9.4248
58.10	10.0837	2.3962	-1.9691	0.0000	-0.0000	-9.4248
58.20	9.8986	2.3963	-1.9691	0.0000	-0.0000	-9.4248
58.30	9.7136	2.3964	-1.9691	0.0000	-0.0000	-9.4248
58.40	9.5285	2.3964	-1.9691	0.0000	-0.0000	-9.4248
58.50	9.3435	2.3965	-1.9691	0.0000	-0.0000	-9.4248
58.60	9.1584	2.3966	-1.9691	0.0000	-0.0000	-9.4248
58.70	8.9734	2.3967	-1.9691	0.0000	-0.0000	-9.4248
58.80	8.7883	2.3967	-1.9691	0.0000	-0.0000	-9.4248
58.90	8.6033	2.3968	-1.9691	0.0000	-0.0000	-9.4248
59.00	8.4182	2.3969	-1.9691	0.0000	-0.0000	-9.4248
59.10	8.2332	2.3969	-1.9691	0.0000	-0.0000	-9.4248
59.20	8.0481	2.3970	-1.9691	0.0000	-0.0000	-9.4248
59.30	7.8631	2.3971	-1.9691	0.0000	-0.0000	-9.4248
59.40	7.6780	2.3972	-1.9691	0.0000	-0.0000	-9.4248
59.50	7.4929	2.3972	-1.9691	0.0000	-0.0000	-9.4248
59.60	7.3079	2.3973	-1.9691	0.0000	-0.0000	-9.4248
59.70	7.1228	2.3974	-1.9691	0.0000	-0.0000	-9.4248
59.80	6.9378	2.3974	-1.9691	0.0000	-0.0000	-9.4248
59.90	6.7527	2.3975	-1.9691	0.0000	-0.0000	-9.4248
60.00	6.5677	2.3976	-1.9691	0.0000	-0.0000	-9.4248
60.10	6.3826	2.3977	-1.9691	0.0000	-0.0000	-9.4248
60.20	6.1976	2.3977	-1.9691	0.0000	-0.0000	-9.4248
60.30	6.0125	2.3978	-1.9691	0.0000	-0.0000	-9.4248
60.40	5.8275	2.3979	-1.9691	0.0000	-0.0000	-9.4248
60.50	5.6424	2.3979	-1.9691	0.0000	-0.0000	-9.4248
60.60	5.4574	2.3980	-1.9691	0.0000	-0.0000	-9.4248
60.70	5.2723	2.3981	-1.9691	0.0000	-0.0000	-9.4248
60.80	5.0873	2.3982	-1.9691	0.0000	-0.0000	-9.4248
60.90	4.9022	2.3982	-1.9691	0.0000	-0.0000	-9.4248
61.00	4.7172	2.3986	-1.9691	0.0000	-0.0000	-9.4405
61.10	4.5334	2.4175	-1.9691	0.0000	-0.0000	-9.5976
61.20	4.3551	2.4648	-1.9691	0.0000	-0.0000	-9.7546
61.30	4.1866	2.5394	-1.9691	0.0000	-0.0000	-9.9117
61.40	4.0320	2.6393	-1.9691	0.0000	-0.0000	-10.0688
61.50	3.8951	2.7621	-1.9691	0.0000	-0.0000	-10.2259
61.60	3.7792	2.9045	-1.9691	0.0000	-0.0000	-10.3830
61.70	3.6871	3.0632	-1.9691	0.0000	-0.0000	-10.5400
61.80	3.6211	3.2341	-1.9691	0.0000	-0.0000	-10.6971
61.90	3.5826	3.4130	-1.9691	0.0000	-0.0000	-10.8542
62.00	3.5724	3.5955	-1.9691	0.0000	-0.0000	-10.9956
62.10	3.5725	3.7784	-1.9691	0.0000	-0.0000	-10.9956
62.20	3.5726	3.9613	-1.9691	0.0000	-0.0000	-10.9956
62.30	3.5726	4.1442	-1.9691	0.0000	-0.0000	-10.9956
62.40	3.5727	4.3271	-1.9691	0.0000	-0.0000	-10.9956
62.50	3.5728	4.5101	-1.9691	0.0000	-0.0000	-10.9956
62.60	3.5729	4.6930	-1.9691	0.0000	-0.0000	-10.9956
62.70	3.5730	4.8759	-1.9691	0.0000	-0.0000	-10.9956
62.80	3.5730	5.0588	-1.9691	0.0000	-0.0000	-10.9956
62.90	3.5731	5.2417	-1.9691	0.0000	-0.0000	-10.9956
63.00	3.5732	5.4246	-1.9691	0.0000	-0.0000	-10.9956
63.10	3.5733	5.6075	-1.9691	0.0000	-0.0000	-10.9956
63.20	3.5734	5.7904	-1.9691	0.0000	-0.0000	-10.9956
63.30	3.5735	5.9733	-1.9691	0.0000	-0.0000	-10.9956
63.40	3.5735	6.1562	-1.9691	0.0000	-0.0000	-10.9956
63.50	3.5736	6.3391	-1.9691	0.0000	-0.0000	-10.9956
63.60	3.5737	6.5220	-1.9691	0.0000	-0.0000	-10.9956
63.70	3.5738	6.7049	-1.9691	0.0000	-0.0000	-10.9956
63.80	3.5739	6.8878	-1.9691	0.0000	-0.0000	-10.9956
63.90	3.5740	7.0707	-1.9691	0.0000	-0.0000	-10.9956
64.00	3.5740	7.2536	-1.9691	0.0000	-0.0000	-10.9956
64.10	3.5741	7.4365	-1.9691	0.0000	-0.0000	-10.9956
64.20	3.5742	7.6194	-1.9691	0.0000	-0.0000	-10.9956
64.30	3.5743	7.8023	-1.9691	0.0000	-0.0000	-10.9956
64.40	3.5744	7.9852	-1.9691	0.0000	-0.0000	-10.9956
64.50	3.5745	8.1681	-1.9691	0.0000	-0.0000	-10.9956
64.60	3.5745	8.3510	-1.9691	0.0000	-0.0000	-10.9956
64.70	3.5746	8.5339	-1.9691	0.0000	-0.0000	-10.9956
64.80	3.5747	8.7168	-1.9691	0.0000	-0.0000	-10.9956
64.90	3.5748	8.8997	-1.9691	0.0000	-0.0000	-10.9956
65.00	3.5749	9.0826	-1.9691	0.0000	-0.0000	-10.9956
65.10	3.5750	9.2655	-1.9691	0.0000	-0.0000	-10.9956
65.20	3.5750	9.4484	-1.9691	0.0000	-0.0000	-10.9956
65.30	3.5751	9.6313	-1.9691	0.0000	-0.0000	-10.9956
65.40	3.5752	9.8142	-1.9691	0.0000	-0.0000	-10.9956
65.50	3.5753	9.9972	-1.9691	0.0000	-0.0000	-10.9956
65.60	3.5754	10.1801	-1.9691	0.0000	-0.0000	-10.9956
65.70	3.5755	10.3630	-1.9691	0.0000	-0.0000	-10.9956
65.80	3.5755	10.5459	-1.9691	0.0000	-0.0000	-10.9956
65.90	3.5756	10.7288	-1.9691	0.0000	-0.0000	-10.9956
66.00	3.5757	10.9117	-1.9691	0.0000	-0.0000	-10.9956
66.10	3.5758	11.0946	-1.9691	0.0000	-0.0000	-10.9956
66.20	3.5759	11.2775	-1.9691	0.0000	-0.0000	-10.9956
66.30	3.5759	11.4604	-1.9691	0.0000	-0.0000	-10.9956
66.40	3.5760	11.6433	-1.9691	0.0000	-0.0000	-10.9956
66.50	3.5761	11.8262	-1.9691	0.0000	-0.0000	-10.9956
66.60	3.5762	12.0091	-1.9691	0.0000	-0.0000	-10.9956
66.70	3.5763	12.1920	-1.9691	0.0000	-0.0000	-10.9956
66.80	3.5764	12.3749	-1.9691	0.0000	-0.0000	-10.9956
66.90	3.5764	12.5578	-1.9691	0.0000	-0.0000	-10.9956
67.00	3.5765	12.7407	-1.9691	0.0000	-0.0000	-10.9956
67.10	3.5766	12.9236	-1.9691	0.0000	-0.0000	-10.9956
67.20	3.5767	13.1065	-1.9691	0.0000	-0.0000	-10.9956
67.30	3.5768	13.2894	-1.9691	0.0000	-0.0000	-10.9956
67.40	3.5769	13.4723	-1.9691	0.0000	-0.0000	-10.9956
67.50	3.5769	13.6552	-1.9691	0.0000	-0.0000	-10.9956
67.60	3.5770	13.8381	-1.9691	0.0000	-0.0000	-10.9956
67.70	3.5771	14.0210	-1.9691	0.0000	-0.0000	-10.9956
67.80	3.5772	14.2039	-1.9691	0.0000	-0.0000	-10.9956
67.90	3.5773	14.3868	-1.9691	0.0000	-0.0000	-10.9956
68.00	3.5774	14.5697	-1.9691	0.0000	-0.0000	-10.9956
68.10	3.5774	14.7526	-1.9691	0.0000	-0.0000	-10.9956
68.20	3.5775	14.9355	-1.9691	0.0000	-0.0000	-10.9956
68.30	3.5776	15.1184	-1.9691	0.0000	-0.0000	-10.9956
68.40	3.5777	15.3013	-1.9691	0.0000	-0.0000	-10.9956
68.50	3.5778	15.4843	-1.9691	0.0000	-0.0000	-10.9956
68.60	3.5779	15.6672	-1.9691	0.0000	-0.0000	-10.9956
68.70	3.5779	15.8501	-1.9691	0.0000	-0.0000	-10.9956
68.80	3.5780	16.0330	-1.9691	0.0000	-0.0000	-10.9956
68.90	3.5781	16.2159	-1.9691	0.0000	-0.0000	-10.9956
69.00	3.5782	16.3986	-1.9691	0.0000	-0.0000	-10.9956
69.10	3.5783	16.5685	-1.9691	0.0000	-0.0000	-10.9956
69.20	3.5784	16.7184	-1.9691	0.0000	-0.0000	-10.9956
69.30	3.5784	16.8483	-1.9691	0.0000	-0.0000	-10.9956
69.40	3.5785	16.9582	-1.9691	0.0000	-0.0000	-10.9956
69.50	3.5786	17.0481	-1.9691	0.0000	-0.0000	-10.9956
69.60	3.5787	17.1180	-1.9691	0.0000	-0.0000	-10.9956
69.70	3.5788	17.1679	-1.9691	0.0000	-0.0000	-10.9956
69.80	3.5788	17.1978	-1.9691	0.0000	-0.0000	-10.9956
69.90	3.5789	17.2077	-1.9691	0.0000	-0.0000	-10.9956
70.00	3.5790	17.1976	-1.9691	0.0000	-0.0000	-10.9956
