0.00	2.5000	4.5000	0.0000	0.0000	0.0000	0.0000
0.10	2.5000	4.5000	0.0000	0.0000	0.0785	0.0000
0.20	2.5000	4.5000	0.0000	0.0000	0.1571	0.0000
0.30	2.5000	4.5000	0.0000	0.0000	0.2356	0.0000
0.40	2.5000	4.5000	0.0000	0.0000	0.3142	0.0000
0.50	2.5000	4.5000	0.0000	0.0000	0.3927	0.0000
0.60	2.5000	4.5000	0.0000	0.0000	0.4712	0.0000
0.70	2.5000	4.5000	0.0000	0.0000	0.5498	0.0000
0.80	2.5000	4.5000	0.0000	0.0000	0.6283	0.0000
0.90	2.5000	4.5000	0.0000	0.0000	0.7069	0.0000
1.00	2.5000	4.5000	0.0000	0.0000	0.7697	0.0000
1.10	2.5000	4.5000	0.0000	0.0000	0.6912	0.0000
1.20	2.5000	4.5000	0.0000	0.0000	0.6126	0.0000
1.30	2.5000	4.5000	0.0000	0.0000	0.5341	0.0000
1.40	2.5000	4.5000	0.0000	0.0000	0.4555	0.0000
1.50	2.5000	4.5000	0.0000	0.0000	0.3770	0.0000
1.60	2.5000	4.5000	0.0000	0.0000	0.2985	0.0000
1.70	2.5000	4.5000	0.0000	0.0000	0.2199	0.0000
1.80	2.5000	4.5000	0.0000	0.0000	0.1414	0.0000
1.90	2.5000	4.5000	0.0000	0.0000	0.0628	0.0000
2.00	2.5000	4.5000	0.0000	0.0000	-0.0157	0.0000
2.10	2.5000	4.5000	0.0000	0.0000	-0.0942	0.0000
2.20	2.5000	4.5000	0.0000	0.0000	-0.1728	0.0000
2.30	2.5000	4.5000	0.0000	0.0000	-0.2513	0.0000
2.40	2.5000	4.5000	0.0000	0.0000	-0.3299	0.0000
2.50	2.5000	4.5000	0.0000	0.0000	-0.4084	0.0000
2.60	2.5000	4.5000	0.0000	0.0000	-0.4869	0.0000
2.70	2.5000	4.5000	0.0000	0.0000	-0.5655	0.0000
2.80	2.5000	4.5000	0.0000	0.0000	-0.6440	0.0000
2.90	2.5000	4.5000	0.0000	0.0000	-0.7226	0.0000
3.00	2.5000	4.5000	0.0000	0.0000	-0.7854	0.0000
3.10	2.5000	4.5000	0.0000	0.0000	-0.7069	0.0000
3.20	2.5000	4.5000	0.0000	0.0000	-0.6283	0.0000
3.30	2.5000	4.5000	0.0000	0.0000	-0.5498	0.0000
3.40	2.5000	4.5000	0.0000	0.0000	-0.4712	0.0000
3.50	2.5000	4.5000	0.0000	0.0000	-0.3927	0.0000
3.60	2.5000	4.5000	0.0000	0.0000	-0.3142	0.0000
3.70	2.5000	4.5000	0.0000	0.0000	-0.2356	0.0000
3.80	2.5000	4.5000	0.0000	0.0000	-0.1571	0.0000
3.90	2.5000	4.5000	0.0000	0.0000	-0.0785	0.0000
4.00	2.5000	4.5000	0.0000	0.0000	-0.0079	0.0000
4.10	2.5000	4.5000	0.0000	0.0000	-0.0079	0.0000
4.20	2.5000	4.5000	0.0000	0.0000	-0.0079	0.0000
4.30	2.5000	4.5000	0.0000	0.0000	-0.0079	0.0000
4.40	2.5000	4.5000	0.0000	0.0000	-0.0079	0.0000
4.50	2.5000	4.5000	0.0000	0.0000	-0.0079	0.0000
4.60	2.5000	4.5000	0.0000	0.0000	-0.0079	0.0000
4.70	2.5000	4.5000	0.0000	0.0000	-0.0079	0.0000
4.80	2.5000	4.5000	0.0000	0.0000	-0.0079	0.0000
4.90	2.5000	4.5000	0.0000	0.0000	-0.0079	0.0000
5.00	2.5000	4.5000	0.0000	0.0079	-0.0079	0.0000
5.10	2.5000	4.5000	0.0000	0.0864	-0.0079	0.0000
5.20	2.5000	4.5000	0.0000	0.1649	-0.0079	0.0000
5.30	2.5000	4.5000	0.0000	0.2435	-0.0079	0.0000
5.40	2.5000	4.5000	0.0000	0.3220	-0.0079	0.0000
5.50	2.5000	4.5000	0.0000	0.4006	-0.0079	0.0000
5.60	2.5000	4.5000	0.0000	0.4791	-0.0079	0.0000
5.70	2.5000	4.5000	0.0000	0.5576	-0.0079	0.0000
5.80	2.5000	4.5000	0.0000	0.6362	-0.0079	0.0000
5.90	2.5000	4.5000	0.0000	0.7147	-0.0079	0.0000
6.00	2.5000	4.5000	0.0000	0.7775	-0.0079	0.0000
6.10	2.5000	4.5000	0.0000	0.6990	-0.0079	0.0000
6.20	2.5000	4.5000	0.0000	0.6205	-0.0079	0.0000
6.30	2.5000	4.5000	0.0000	0.5419	-0.0079	0.0000
6.40	2.5000	4.5000	0.0000	0.4634	-0.0079	0.0000
6.50	2.5000	4.5000	0.0000	0.3848	-0.0079	0.0000
6.60	2.5000	4.5000	0.0000	0.3063	-0.0079	0.0000
6.70	2.5000	4.5000	0.0000	0.2278	-0.0079	0.0000
6.80	2.5000	4.5000	0.0000	0.1492	-0.0079	0.0000
6.90	2.5000	4.5000	0.0000	0.0707	-0.0079	0.0000
7.00	2.5000	4.5000	0.0000	-0.0079	-0.0079	0.0000
7.10	2.5000	4.5000	0.0000	-0.0864	-0.0079	0.0000
7.20	2.5000	4.5000	0.0000	-0.1649	-0.0079	0.0000
7.30	2.5000	4.5000	0.0000	-0.2435	-0.0079	0.0000
7.40	2.5000	4.5000	0.0000	-0.3220	-0.0079	0.0000
7.50	2.5000	4.5000	0.0000	-0.4006	-0.0079	0.0000
7.60	2.5000	4.5000	0.0000	-0.4791	-0.0079	0.0000
7.70	2.5000	4.5000	0.0000	-0.5576	-0.0079	0.0000
7.80	2.5000	4.5000	0.0000	-0.6362	-0.0079	0.0000
7.90	2.5000	4.5000	0.0000	-0.7147	-0.0079	0.0000
8.00	2.5000	4.5000	0.0000	-0.7775	-0.0079	0.0000
8.10	2.5000	4.5000	0.0000	-0.6990	-0.0079	0.0000
8.20	2.5000	4.5000	0.0000	-0.6205	-0.0079	0.0000
8.30	2.5000	4.5000	0.0000	-0.5419	-0.0079	0.0000
8.40	2.5000	4.5000	0.0000	-0.4634	-0.0079	0.0000
8.50	2.5000	4.5000	0.0000	-0.3848	-0.0079	0.0000
8.60	2.5000	4.5000	0.0000	-0.3063	-0.0079	0.0000
8.70	2.5000	4.5000	0.0000	-0.2278	-0.0079	0.0000
8.80	2.5000	4.5000	0.0000	-0.1492	-0.0079	0.0000
8.90	2.5000	4.5000	0.0000	-0.0707	-0.0079	0.0000
9.00	2.5000	4.5000	0.0000	0.0000	-0.0079	0.0000
9.10	2.5000	4.5000	0.0000	0.0000	-0.0079	0.0000
9.20	2.5000	4.5000	0.0000	0.0000	-0.0079	0.0000
9.30	2.5000	4.5000	0.0000	0.0000	-0.0079	0.0000
9.40	2.5000	4.5000	0.0000	0.0000	-0.0079	0.0000
9.50	2.5000	4.5000	0.0000	0.0000	-0.0079	0.0000
9.60	2.5000	4.5000	0.0000	0.0000	-0.0079	0.0000
9.70	2.5000	4.5000	0.0000	0.0000	-0.0079	0.0000
9.80	2.5000	4.5000	0.0000	0.0000	-0.0079	0.0000
9.90	2.5000	4.5000	0.0000	0.0000	-0.0079	0.0000
10.00	2.5000	4.5000	0.0000	0.0000	0.0000	0.0000
10.10	2.5000	4.5000	0.0000	0.0000	0.0785	0.0000
10.20	2.5000	4.5000	0.0000	0.0000	0.1571	0.0000
10.30	2.5000	4.5000	0.0000	0.0000	0.2356	0.0000
10.40	2.5000	4.5000	0.0000	0.0000	0.3142	0.0000
10.50	2.5000	4.5000	0.0000	0.0000	0.3927	0.0000
10.60	2.5000	4.5000	0.0000	0.0000	0.4712	0.0000
10.70	2.5000	4.5000	0.0000	0.0000	0.5498	0.0000
10.80	2.5000	4.5000	0.0000	0.0000	0.6283	0.0000
10.90	2.5000	4.5000	0.0000	0.0000	0.7069	0.0000
11.00	2.5000	4.5000	0.0000	0.0000	0.7697	0.0000
11.10	2.5000	4.5000	0.0000	0.0000	0.6912	0.0000
11.20	2.5000	4.5000	0.0000	0.0000	0.6126	0.0000
11.30	2.5000	4.5000	0.0000	0.0000	0.5341	0.0000
11.40	2.5000	4.5000	0.0000	0.0000	0.4555	0.0000
11.50	2.5000	4.5000	0.0000	0.0000	0.3770	0.0000
11.60	2.5000	4.5000	0.0000	0.0000	0.2985	0.0000
11.70	2.5000	4.5000	0.0000	0.0000	0.2199	0.0000
11.80	2.5000	4.5000	0.0000	0.0000	0.1414	0.0000
11.90	2.5000	4.5000	0.0000	0.0000	0.0628	0.0000
12.00	2.5000	4.5000	0.0000	0.0000	-0.0157	0.0000
12.10	2.5000	4.5000	0.0000	0.0000	-0.0942	0.0000
12.20	2.5000	4.5000	0.0000	0.0000	-0.1728	0.0000
12.30	2.5000	4.5000	0.0000	0.0000	-0.2513	0.0000
12.40	2.5000	4.5000	0.0000	0.0000	-0.3299	0.0000
12.50	2.5000	4.5000	0.0000	0.0000	-0.4084	0.0000
12.60	2.5000	4.5000	0.0000	0.0000	-0.4869	0.0000
12.70	2.5000	4.5000	0.0000	0.0000	-0.5655	0.0000
12.80	2.5000	4.5000	0.0000	0.0000	-0.6440	0.0000
12.90	2.5000	4.5000	0.0000	0.0000	-0.7226	0.0000
13.00	2.5000	4.5000	0.0000	0.0000	-0.7854	0.0000
13.10	2.5000	4.5000	0.0000	0.0000	-0.7069	0.0000
13.20	2.5000	4.5000	0.0000	0.0000	-0.6283	0.0000
13.30	2.5000	4.5000	0.0000	0.0000	-0.5498	0.0000
13.40	2.5000	4.5000	0.0000	0.0000	-0.4712	0.0000
13.50	2.5000	4.5000	0.0000	0.0000	-0.3927	0.0000
13.60	2.5000	4.5000	0.0000	0.0000	-0.3142	0.0000
13.70	2.5000	4.5000	0.0000	0.0000	-0.2356	0.0000
13.80	2.5000	4.5000	0.0000	0.0000	-0.1571	0.0000
13.90	2.5000	4.5000	0.0000	0.0000	-0.0785	0.0000
14.00	2.5000	4.5000	0.0000	0.0000	-0.0079	0.0000
14.10	2.5000	4.5000	0.0000	0.0000	-0.0079	0.0000
14.20	2.5000	4.5000	0.0000	0.0000	-0.0079	0.0000
14.30	2.5000	4.5000	0.0000	0.0000	-0.0079	0.0000
14.40	2.5000	4.5000	0.0000	0.0000	-0.0079	0.0000
14.50	2.5000	4.5000	0.0000	0.0000	-0.0079	0.0000
14.60	2.5000	4.5000	0.0000	0.0000	-0.0079	0.0000
14.70	2.5000	4.5000	0.0000	0.0000	-0.0079	0.0000
14.80	2.5000	4.5000	0.0000	0.0000	-0.0079	0.0000
14.90	2.5000	4.5000	0.0000	0.0000	-0.0079	0.0000
15.00	2.5000	4.5000	0.0000	0.0079	-0.0079	0.0000
15.10	2.5000	4.5000	0.0000	0.0864	-0.0079	0.0000
15.20	2.5000	4.5000	0.0000	0.1649	-0.0079	0.0000
15.30	2.5000	4.5000	0.0000	0.2435	-0.0079	0.0000
15.40	2.5000	4.5000	0.0000	0.3220	-0.0079	0.0000
15.50	2.5000	4.5000	0.0000	0.4006	-0.0079	0.0000
15.60	2.5000	4.5000	0.0000	0.4791	-0.0079	0.0000
15.70	2.5000	4.5000	0.0000	0.5576	-0.0079	0.0000
15.80	2.5000	4.5000	0.0000	0.6362	-0.0079	0.0000
15.90	2.5000	4.5000	0.0000	0.7147	-0.0079	0.0000
16.00	2.5000	4.5000	0.0000	0.7775	-0.0079	0.0000
16.10	2.5000	4.5000	0.0000	0.6990	-0.0079	0.0000
16.20	2.5000	4.5000	0.0000	0.6205	-0.0079	0.0000
16.30	2.5000	4.5000	0.0000	0.5419	-0.0079	0.0000
16.40	2.5000	4.5000	0.0000	0.4634	-0.0079	0.0000
16.50	2.5000	4.5000	0.0000	0.3848	-0.0079	0.0000
16.60	2.5000	4.5000	0.0000	0.3063	-0.0079	0.0000
16.70	2.5000	4.5000	0.0000	0.2278	-0.0079	0.0000
16.80	2.5000	4.5000	0.0000	0.1492	-0.0079	0.0000
16.90	2.5000	4.5000	0.0000	0.0707	-0.0079	0.0000
17.00	2.5000	4.5000	0.0000	-0.0079	-0.0079	0.0000
17.10	2.5000	4.5000	0.0000	-0.0864	-0.0079	0.0000
17.20	2.5000	4.5000	0.0000	-0.1649	-0.0079	0.0000
17.30	2.5000	4.5000	0.0000	-0.2435	-0.0079	0.0000
17.40	2.5000	4.5000	0.0000	-0.3220	-0.0079	0.0000
17.50	2.5000	4.5000	0.0000	-0.4006	-0.0079	0.0000
17.60	2.5000	4.5000	0.0000	-0.4791	-0.0079	0.0000
17.70	2.5000	4.5000	0.0000	-0.5576	-0.0079	0.0000
17.80	2.5000	4.5000	0.0000	-0.6362	-0.0079	0.0000
17.90	2.5000	4.5000	0.0000	-0.7147	-0.0079	0.0000
18.00	2.5000	4.5000	0.0000	-0.7775	-0.0079	0.0000
18.10	2.5000	4.5000	0.0000	-0.6990	-0.0079	0.0000
18.20	2.5000	4.5000	0.0000	-0.6205	-0.0079	0.0000
18.30	2.5000	4.5000	0.0000	-0.5419	-0.0079	0.0000
18.40	2.5000	4.5000	0.0000	-0.4634	-0.0079	0.0000
18.50	2.5000	4.5000	0.0000	-0.3848	-0.0079	0.0000
18.60	2.5000	4.5000	0.0000	-0.3063	-0.0079	0.0000
18.70	2.5000	4.5000	0.0000	-0.2278	-0.0079	0.0000
18.80	2.5000	4.5000	0.0000	-0.1492	-0.0079	0.0000
18.90	2.5000	4.5000	0.0000	-0.0707	-0.0079	0.0000
19.00	2.5000	4.5000	0.0000	0.0000	-0.0079	0.0000
19.10	2.5000	4.5000	0.0000	0.0000	-0.0079	0.0000
19.20	2.5000	4.5000	0.0000	0.0000	-0.0079	0.0000
19.30	2.5000	4.5000	0.0000	0.0000	-0.0079	0.0000
19.40	2.5000	4.5000	0.0000	0.0000	-0.0079	0.0000
19.50	2.5000	4.5000	0.0000	0.0000	-0.0079	0.0000
19.60	2.5000	4.5000	0.0000	0.0000	-0.0079	0.0000
19.70	2.5000	4.5000	0.0000	0.0000	-0.0079	0.0000
19.80	2.5000	4.5000	0.0000	0.0000	-0.0079	0.0000
19.90	2.5000	4.5000	0.0000	0.0000	-0.0079	0.0000
20.00	2.5000	4.5000	0.0000	0.0000	-0.0079	0.0000
