0.00	2.5000	4.5000	0.0000	4.7130	12.5976	14.8633	12.5976	4.7130	0.2000	0.2000	0.2000	0.2000	0.2000	
1.00	4.1732	3.5730	-0.1000	4.1849	6.7048	15.6589	16.7061	9.2624	0.2000	0.2000	0.2000	0.2000	0.2000	
2.00	4.2918	1.6710	-0.2000	6.2186	4.3244	16.2018	9.9621	16.8922	0.2000	0.2000	0.2000	0.2000	0.2000	
3.00	2.7562	0.5504	-0.3000	12.9162	4.7191	16.7424	5.1233	15.1075	0.2000	0.2000	0.2000	0.2000	0.2000	
4.00	0.9874	1.2410	-0.4000	18.7073	8.6148	17.2390	4.1040	7.4787	0.2000	0.2000	0.2000	0.2000	0.2000	
5.00	0.6177	3.1037	-0.5000	11.6096	17.5832	17.7322	5.7270	4.4083	0.2000	0.2000	0.2000	0.2000	0.2000	
6.00	1.9907	4.4195	-0.6000	5.5438	17.5088	18.2283	12.3823	4.4423	0.2000	0.2000	0.2000	0.2000	0.2000	
7.00	3.8435	3.9690	-0.7000	3.9828	8.3576	18.7733	20.7777	7.9209	0.2000	0.2000	0.2000	0.2000	0.2000	
8.00	4.4633	2.1578	-0.8000	5.2666	4.3970	19.3007	13.5193	17.9912	0.2000	0.2000	0.2000	0.2000	0.2000	
9.00	3.2641	0.6531	-0.9000	11.6936	4.1059	19.9495	5.7977	20.5551	0.2000	0.2000	0.2000	0.2000	0.2000	
10.00	1.3383	0.8553	-1.0000	22.9916	7.0750	20.1862	3.7979	9.5036	0.2000	0.2000	0.2000	0.2000	0.2000	
11.00	0.4657	2.6003	-1.1000	16.2232	17.9698	20.8563	4.6832	4.4382	0.2000	0.2000	0.2000	0.2000	0.2000	
12.00	1.4755	4.2895	-1.2000	6.3072	24.2730	21.1359	10.5793	3.7158	0.2000	0.2000	0.2000	0.2000	0.2000	
13.00	3.4619	4.3483	-1.3000	3.6211	10.9208	21.5343	25.1137	6.1477	0.2000	0.2000	0.2000	0.2000	0.2000	
14.00	4.5929	2.6879	-1.4000	4.0405	4.4601	21.9363	19.7185	17.0359	0.2000	0.2000	0.2000	0.2000	0.2000	
15.00	3.7932	0.8189	-1.5000	9.1840	3.2788	22.3581	6.7824	28.7180	0.2000	0.2000	0.2000	0.2000	0.2000	
16.00	1.7617	0.4824	-1.6000	26.4869	4.9224	22.5325	3.2869	12.8600	0.2000	0.2000	0.2000	0.2000	0.2000	
17.00	0.3651	2.0343	-1.7000	24.3083	15.6251	22.8063	3.3454	4.4205	0.2000	0.2000	0.2000	0.2000	0.2000	
18.00	0.9291	4.0765	-1.8000	7.3824	34.0519	22.6870	7.5579	2.8348	0.2000	0.2000	0.2000	0.2000	0.2000	
19.00	2.9852	4.7107	-1.9000	3.0450	15.5462	22.6964	27.0433	4.0776	0.2000	0.2000	0.2000	0.2000	0.2000	
