0.00	3.0000	18.0000	0.0000	0.0975	0.3033	1.3015	6.7604	8.6565	0.1003	0.3188	1.4453	8.6565	11.4784	0.0789	0.2117	0.6564	1.8145	2.0546	0.0514	0.1094	0.2302	0.3945	0.4177	0.0307	0.0536	0.0875	0.1198	0.1236	0.2000	0.2000	0.2000	0.2000	0.2000	0.2000	0.2000	0.2000	0.2000	0.2000	0.2000	0.2000	0.2000	0.2000	0.2000	0.2000	0.2000	0.2000	0.2000	0.2000	0.2000	0.2000	0.2000	0.2000	0.2000	
1.00	3.0000	18.0000	0.0000	0.4055	0.4372	1.3187	6.8353	8.8255	0.0713	0.3239	1.4493	8.6854	11.7126	0.0988	0.2154	0.6737	1.8443	2.0991	0.0516	0.1124	0.2351	0.3910	0.4409	0.0260	0.0298	0.1087	0.0958	0.1151	0.2000	0.2000	0.2000	0.2000	0.2000	0.2000	0.2000	0.2000	0.2000	0.2000	0.2000	0.2000	0.2000	0.2000	0.2000	0.2000	0.2000	0.2000	0.2000	0.2000	0.2000	0.2000	0.2000	0.2000	0.2000	
2.00	3.0000	18.0000	0.0000	0.4142	0.4156	1.3200	6.8413	8.8329	0.1078	0.3417	1.4554	8.7269	11.6750	0.0850	0.2072	0.6590	1.8115	2.1138	0.0646	0.1198	0.2404	0.3863	0.4228	0.0116	0.0411	0.0910	0.1026	0.1330	0.2000	0.2000	0.2000	0.2000	0.2000	0.2000	0.2000	0.2000	0.2000	0.2000	0.2000	0.2000	0.2000	0.2000	0.2000	0.2000	0.2000	0.2000	0.2000	0.2000	0.2000	0.2000	0.2000	0.2000	0.2000	
3.00	3.0000	18.0000	0.0000	0.3664	0.3836	1.3170	6.8710	8.8471	0.0871	0.3338	1.4601	8.7275	11.6844	0.0965	0.1994	0.6575	1.8420	2.0687	0.0617	0.0714	0.2221	0.4112	0.4442	0.0196	0.0438	0.0795	0.0987	0.1392	0.2000	0.2000	0.2000	0.2000	0.2000	0.2000	0.2000	0.2000	0.2000	0.2000	0.2000	0.2000	0.2000	0.2000	0.2000	0.2000	0.2000	0.2000	0.2000	0.2000	0.2000	0.2000	0.2000	0.2000	0.2000	
4.00	3.0000	18.0000	0.0000	0.3901	0.3972	1.3300	6.8336	8.8286	0.0985	0.3462	1.4582	8.6952	11.7045	0.0721	0.2209	0.6596	1.8309	2.1071	0.0754	0.1159	0.2172	0.4006	0.4501	0.0309	0.0520	0.1098	0.0903	0.1313	0.2000	0.2000	0.2000	0.2000	0.2000	0.2000	0.2000	0.2000	0.2000	0.2000	0.2000	0.2000	0.2000	0.2000	0.2000	0.2000	0.2000	0.2000	0.2000	0.2000	0.2000	0.2000	0.2000	0.2000	0.2000	
5.00	3.0002	18.0000	0.0000	0.3678	0.3841	1.3257	6.7411	8.7198	0.0947	0.3365	1.4725	8.8220	11.7951	0.1275	0.1916	0.6704	1.8554	2.1396	0.0406	0.1094	0.1622	0.3776	0.4778	0.0329	0.0227	0.0637	0.1180	0.1381	0.2000	0.2000	0.2000	0.2000	0.2000	0.2000	0.2000	0.2000	0.2000	0.2000	0.2000	0.2000	0.2000	0.2000	0.2000	0.2000	0.2000	0.2000	0.2000	0.2000	0.2000	0.2000	0.2000	0.2000	0.2000	
6.00	4.0300	18.0000	0.0000	0.3250	0.3036	1.1518	5.0009	6.2097	0.1009	0.3190	1.5669	10.2374	14.0536	0.1034	0.2089	0.8182	2.6872	3.1734	0.0473	0.1366	0.2339	0.5322	0.5997	0.0265	0.0368	0.1554	0.1592	0.1786	0.2000	0.2000	0.2000	0.2000	0.2000	0.2000	0.2000	0.2000	0.2000	0.2000	0.2000	0.2000	0.2000	0.2000	0.2000	0.2000	0.2000	0.2000	0.2000	0.2000	0.2000	0.2000	0.2000	0.2000	0.2000	
7.00	6.0300	18.0000	0.0000	0.1679	0.2382	0.8057	2.5759	3.0513	0.0862	0.3435	1.5253	10.0897	13.8231	0.1124	0.2765	1.1671	5.1488	6.4587	0.0969	0.1739	0.4174	0.9913	1.0655	0.0686	0.0932	0.1811	0.2100	0.3115	0.2000	0.2000	0.2000	0.2000	0.2000	0.2000	0.2000	0.2000	0.2000	0.2000	0.2000	0.2000	0.2000	0.2000	0.2000	0.2000	0.2000	0.2000	0.2000	0.2000	0.2000	0.2000	0.2000	0.2000	0.2000	
8.00	8.0300	18.0000	0.0000	0.1174	0.2225	0.5374	1.2823	1.4782	0.0991	0.2936	1.3197	6.7523	8.7352	0.0841	0.3105	1.4535	8.7008	11.7220	0.0787	0.2074	0.6730	1.8970	2.1616	0.0735	0.0951	0.2642	0.3639	0.5558	0.2000	0.2000	0.2000	0.2000	0.2000	0.2000	0.2000	0.2000	0.2000	0.2000	0.2000	0.2000	0.2000	0.2000	0.2000	0.2000	0.2000	0.2000	0.2000	0.2000	0.2000	0.2000	0.2000	0.2000	0.2000	
9.00	10.0300	18.0000	0.0000	0.0724	0.1637	0.3720	0.7157	0.7482	0.1149	0.2496	0.9701	3.6451	4.3863	0.0811	0.3458	1.5914	10.6927	14.7454	0.1096	0.2641	0.9517	3.7400	4.5291	0.0928	0.1788	0.3351	0.6743	0.8613	0.2000	0.2000	0.2000	0.2000	0.2000	0.2000	0.2000	0.2000	0.2000	0.2000	0.2000	0.2000	0.2000	0.2000	0.2000	0.2000	0.2000	0.2000	0.2000	0.2000	0.2000	0.2000	0.2000	0.2000	0.2000	
10.00	12.0300	18.0000	0.0000	0.0641	0.1169	0.2269	0.4270	0.4462	0.0819	0.2242	0.7003	1.8619	2.1150	0.1077	0.3003	1.4439	8.5820	11.4845	0.1100	0.3347	1.3074	6.9240	8.9761	0.1286	0.1953	0.5386	1.3105	1.6027	0.2000	0.2000	0.2000	0.2000	0.2000	0.2000	0.2000	0.2000	0.2000	0.2000	0.2000	0.2000	0.2000	0.2000	0.2000	0.2000	0.2000	0.2000	0.2000	0.2000	0.2000	0.2000	0.2000	0.2000	0.2000	
11.00	14.0300	18.0000	0.0000	0.0661	0.0834	0.1712	0.2432	0.2536	0.0854	0.1473	0.4279	0.9391	1.0635	0.1194	0.2904	1.1368	5.0400	6.3076	0.1249	0.3251	1.5671	10.1537	13.9237	0.1191	0.2655	0.8048	2.6321	3.1472	0.2000	0.2000	0.2000	0.2000	0.2000	0.2000	0.2000	0.2000	0.2000	0.2000	0.2000	0.2000	0.2000	0.2000	0.2000	0.2000	0.2000	0.2000	0.2000	0.2000	0.2000	0.2000	0.2000	0.2000	0.2000	
12.00	16.0300	18.0000	0.0000	0.0573	0.0700	0.1296	0.1437	0.1487	0.0614	0.1277	0.2988	0.5143	0.5668	0.0646	0.2380	0.8345	2.5925	3.0225	0.1232	0.3329	1.5512	10.0589	13.7840	0.1650	0.2583	1.1427	5.1692	6.4869	0.2000	0.2000	0.2000	0.2000	0.2000	0.2000	0.2000	0.2000	0.2000	0.2000	0.2000	0.2000	0.2000	0.2000	0.2000	0.2000	0.2000	0.2000	0.2000	0.2000	0.2000	0.2000	0.2000	0.2000	0.2000	
13.00	18.0300	17.9997	0.0000	0.0270	0.0577	0.1076	0.0811	0.0979	0.0385	0.0821	0.1993	0.2949	0.3302	0.0910	0.1867	0.5601	1.3396	1.4975	0.1002	0.3193	1.3078	6.8778	8.7222	0.1814	0.3225	1.5025	9.0403	11.5237	0.2000	0.2000	0.2000	0.2000	0.2000	0.2000	0.2000	0.2000	0.2000	0.2000	0.2000	0.2000	0.2000	0.2000	0.2000	0.2000	0.2000	0.2000	0.2000	0.2000	0.2000	0.2000	0.2000	0.2000	0.2000	
14.00	19.2675	16.7071	0.0000	0.0512	0.0786	0.0840	0.0999	0.1125	0.0724	0.0792	0.1929	0.2403	0.1922	0.0847	0.2459	0.5426	0.9685	0.8640	0.1315	0.4109	1.6730	6.0117	4.4076	0.1963	0.4616	2.6591	15.7396	9.7365	0.2000	0.2000	0.2000	0.2000	0.2000	0.2000	0.2000	0.2000	0.2000	0.2000	0.2000	0.2000	0.2000	0.2000	0.2000	0.2000	0.2000	0.2000	0.2000	0.2000	0.2000	0.2000	0.2000	0.2000	0.2000	
15.00	19.2674	14.7315	0.0000	0.0438	0.1099	0.1342	0.0711	0.0941	0.0798	0.1141	0.1908	0.2383	0.1719	0.1000	0.3433	0.7225	0.9956	0.6301	0.2149	0.6565	2.9411	6.6147	2.5084	0.2503	0.9080	5.7294	19.1404	4.6421	0.2000	0.2000	0.2000	0.2000	0.2000	0.2000	0.2000	0.2000	0.2000	0.2000	0.2000	0.2000	0.2000	0.2000	0.2000	0.2000	0.2000	0.2000	0.2000	0.2000	0.2000	0.2000	0.2000	0.2000	0.2000	
16.00	19.2672	12.7559	0.0000	0.0675	0.0880	0.0988	0.0681	0.0617	0.0712	0.1301	0.2490	0.2616	0.1359	0.1744	0.4171	0.9268	0.9351	0.4588	0.3104	1.2359	4.8664	5.3836	1.4194	0.3746	1.7630	11.8038	13.7059	2.1664	0.2000	0.2000	0.2000	0.2000	0.2000	0.2000	0.2000	0.2000	0.2000	0.2000	0.2000	0.2000	0.2000	0.2000	0.2000	0.2000	0.2000	0.2000	0.2000	0.2000	0.2000	0.2000	0.2000	0.2000	0.2000	
17.00	19.2671	10.7803	0.0000	0.0998	0.0579	0.1407	0.0987	0.0707	0.0698	0.1775	0.2542	0.2234	0.1188	0.2180	0.5925	1.0430	0.7782	0.3476	0.4927	2.1902	6.4737	3.4069	0.7850	0.6623	3.8069	18.4137	6.9618	1.0781	0.2000	0.2000	0.2000	0.2000	0.2000	0.2000	0.2000	0.2000	0.2000	0.2000	0.2000	0.2000	0.2000	0.2000	0.2000	0.2000	0.2000	0.2000	0.2000	0.2000	0.2000	0.2000	0.2000	0.2000	0.2000	
18.00	19.2670	8.8047	0.0000	0.1005	0.0991	0.1493	0.0858	0.0532	0.1219	0.2282	0.2594	0.1803	0.1180	0.3849	0.7979	0.9909	0.5592	0.2622	0.8965	3.7996	6.2410	1.9036	0.4646	1.2771	8.2046	17.3547	3.2119	0.5817	0.2000	0.2000	0.2000	0.2000	0.2000	0.2000	0.2000	0.2000	0.2000	0.2000	0.2000	0.2000	0.2000	0.2000	0.2000	0.2000	0.2000	0.2000	0.2000	0.2000	0.2000	0.2000	0.2000	0.2000	0.2000	
19.00	19.2668	6.8292	-0.0001	0.0964	0.0724	0.1114	0.0950	0.0807	0.1522	0.2112	0.2757	0.1663	0.1007	0.4423	0.9485	0.9038	0.4406	0.2384	1.4424	5.6228	4.5931	1.1386	0.3405	2.2532	15.1055	10.6209	1.6853	0.3756	0.2000	0.2000	0.2000	0.2000	0.2000	0.2000	0.2000	0.2000	0.2000	0.2000	0.2000	0.2000	0.2000	0.2000	0.2000	0.2000	0.2000	0.2000	0.2000	0.2000	0.2000	0.2000	0.2000	0.2000	0.2000	
20.00	19.2667	4.9479	-0.5197	0.0548	0.0639	0.1319	0.0914	0.0696	0.0754	0.1761	0.2933	0.1940	0.1283	0.3126	0.8341	0.7718	0.4050	0.2414	1.3407	6.3007	3.3361	0.9285	0.3301	2.7196	22.1742	6.5973	1.2617	0.3625	0.2000	0.2000	0.2000	0.2000	0.2000	0.2000	0.2000	0.2000	0.2000	0.2000	0.2000	0.2000	0.2000	0.2000	0.2000	0.2000	0.2000	0.2000	0.2000	0.2000	0.2000	0.2000	0.2000	0.2000	0.2000	
21.00	19.2663	3.0614	-1.0096	0.0741	0.0413	0.0772	0.0259	0.0211	0.1502	0.1794	0.4710	0.0652	0.0551	0.6622	0.7944	0.3823	0.1878	0.2166	4.2726	5.8017	1.3571	0.3431	0.1105	11.9116	20.1030	2.2945	0.3873	0.0950	0.2000	0.2000	0.2000	0.2000	0.2000	0.2000	0.2000	0.2000	0.2000	0.2000	0.2000	0.2000	0.2000	0.2000	0.2000	0.2000	0.2000	0.2000	0.2000	0.2000	0.2000	0.2000	0.2000	0.2000	0.2000	
22.00	17.9928	1.8424	-1.0096	0.1019	0.0696	0.0655	0.0412	0.0183	0.2195	0.2153	0.5407	0.0400	0.0512	1.2275	1.0314	0.3782	0.1315	0.3699	10.3348	6.8140	0.9887	0.2127	0.0884	14.5676	9.2231	1.1053	0.2139	0.0753	0.2000	0.2000	0.2000	0.2000	0.2000	0.2000	0.2000	0.2000	0.2000	0.2000	0.2000	0.2000	0.2000	0.2000	0.2000	0.2000	0.2000	0.2000	0.2000	0.2000	0.2000	0.2000	0.2000	0.2000	0.2000	
23.00	16.0465	1.8426	-1.0096	0.1453	0.1184	0.0529	0.0563	0.0498	0.4216	0.3661	0.3600	0.0785	0.0179	2.6549	2.1136	0.5532	0.1813	0.7056	19.0986	10.8254	1.1306	0.2249	0.1011	6.8304	4.7566	0.8286	0.1901	0.0289	0.2000	0.2000	0.2000	0.2000	0.2000	0.2000	0.2000	0.2000	0.2000	0.2000	0.2000	0.2000	0.2000	0.2000	0.2000	0.2000	0.2000	0.2000	0.2000	0.2000	0.2000	0.2000	0.2000	0.2000	0.2000	
24.00	14.1002	1.8429	-1.0096	0.1655	0.1524	0.0947	0.0737	0.0528	0.7851	0.6483	0.3602	0.1113	0.0460	6.4059	4.4818	0.8150	0.1849	0.7206	19.4985	10.9858	1.1220	0.1960	0.0575	2.8527	2.2440	0.5753	0.1983	0.0344	0.2000	0.2000	0.2000	0.2000	0.2000	0.2000	0.2000	0.2000	0.2000	0.2000	0.2000	0.2000	0.2000	0.2000	0.2000	0.2000	0.2000	0.2000	0.2000	0.2000	0.2000	0.2000	0.2000	0.2000	0.2000	
25.00	12.1538	1.8431	-1.0096	0.3074	0.2761	0.1760	0.0815	0.0167	1.6782	1.2962	0.5013	0.1179	0.0495	14.1979	8.5534	1.0427	0.2524	0.4395	10.9096	6.9284	1.0068	0.2016	0.0630	1.2649	1.0791	0.4024	0.1692	0.0804	0.2000	0.2000	0.2000	0.2000	0.2000	0.2000	0.2000	0.2000	0.2000	0.2000	0.2000	0.2000	0.2000	0.2000	0.2000	0.2000	0.2000	0.2000	0.2000	0.2000	0.2000	0.2000	0.2000	0.2000	0.2000	
26.00	10.2075	1.8434	-1.0096	0.5356	0.4860	0.2569	0.1077	0.0712	3.9103	2.8541	0.6713	0.1917	0.0304	20.9256	11.6484	1.1760	0.2445	0.2239	4.6742	3.4276	0.7681	0.1580	0.0573	0.6112	0.5679	0.2789	0.1226	0.0321	0.2000	0.2000	0.2000	0.2000	0.2000	0.2000	0.2000	0.2000	0.2000	0.2000	0.2000	0.2000	0.2000	0.2000	0.2000	0.2000	0.2000	0.2000	0.2000	0.2000	0.2000	0.2000	0.2000	0.2000	0.2000	
27.00	8.2612	1.8436	-1.0096	1.1123	0.9286	0.3787	0.1309	0.0710	9.2466	5.9933	0.9259	0.2179	0.0214	16.0756	9.4707	1.0952	0.2746	0.1435	1.9769	1.5900	0.5134	0.1355	0.0845	0.3300	0.3198	0.1828	0.0909	0.0173	0.2000	0.2000	0.2000	0.2000	0.2000	0.2000	0.2000	0.2000	0.2000	0.2000	0.2000	0.2000	0.2000	0.2000	0.2000	0.2000	0.2000	0.2000	0.2000	0.2000	0.2000	0.2000	0.2000	0.2000	0.2000	
28.00	6.3149	1.8439	-1.0096	2.3680	1.8965	0.5664	0.1551	0.0339	18.0149	10.3348	1.1447	0.2428	0.0102	7.6385	5.2320	0.8726	0.3076	0.0954	0.8664	0.7516	0.3579	0.1009	0.0177	0.1842	0.1722	0.1318	0.0945	0.0110	0.2000	0.2000	0.2000	0.2000	0.2000	0.2000	0.2000	0.2000	0.2000	0.2000	0.2000	0.2000	0.2000	0.2000	0.2000	0.2000	0.2000	0.2000	0.2000	0.2000	0.2000	0.2000	0.2000	0.2000	0.2000	
29.00	4.3686	1.8444	-1.0096	5.5194	4.1384	0.8194	0.1908	0.0635	19.8437	11.7396	1.1985	0.1423	0.0206	3.1817	2.4905	0.6235	0.2703	0.0506	0.4696	0.3970	0.1924	0.0731	0.0350	0.1001	0.1460	0.0897	0.0822	0.1003	0.2000	0.2000	0.2000	0.2000	0.2000	0.2000	0.2000	0.2000	0.2000	0.2000	0.2000	0.2000	0.2000	0.2000	0.2000	0.2000	0.2000	0.2000	0.2000	0.2000	0.2000	0.2000	0.2000	0.2000	0.2000	
30.00	3.1644	3.1027	-1.0096	6.2404	8.9942	1.5387	0.2776	0.0900	9.9231	15.5091	1.8581	0.3460	0.0615	1.6482	1.8703	0.6967	0.2519	0.0539	0.3272	0.3004	0.2252	0.0820	0.0593	0.0541	0.1136	0.0600	0.0280	0.1938	0.2000	0.2000	0.2000	0.2000	0.2000	0.2000	0.2000	0.2000	0.2000	0.2000	0.2000	0.2000	0.2000	0.2000	0.2000	0.2000	0.2000	0.2000	0.2000	0.2000	0.2000	0.2000	0.2000	0.2000	0.2000	
31.00	3.1648	5.0256	-1.0096	3.1229	11.5569	3.2090	0.4974	0.1702	4.1506	20.8670	4.2986	0.6265	0.1706	1.0529	1.9812	1.0819	0.4247	0.1090	0.2537	0.3434	0.2294	0.1014	0.0680	0.0540	0.1054	0.0612	0.0497	0.2159	0.2000	0.2000	0.2000	0.2000	0.2000	0.2000	0.2000	0.2000	0.2000	0.2000	0.2000	0.2000	0.2000	0.2000	0.2000	0.2000	0.2000	0.2000	0.2000	0.2000	0.2000	0.2000	0.2000	0.2000	0.2000	
32.00	3.1652	6.9485	-1.0096	1.5042	8.9132	6.5746	0.9903	0.2003	1.8183	14.9956	9.9968	1.1674	0.2634	0.6357	1.7991	1.5646	0.3971	0.1772	0.2309	0.3035	0.3008	0.1438	0.0926	0.1188	0.0873	0.0972	0.0804	0.1474	0.2000	0.2000	0.2000	0.2000	0.2000	0.2000	0.2000	0.2000	0.2000	0.2000	0.2000	0.2000	0.2000	0.2000	0.2000	0.2000	0.2000	0.2000	0.2000	0.2000	0.2000	0.2000	0.2000	0.2000	0.2000	
33.00	3.1656	8.8715	-1.0096	0.7758	4.8086	10.7137	2.0306	0.3736	0.9204	6.9695	18.6179	2.5803	0.4043	0.3885	1.2287	1.9620	0.7989	0.2601	0.1474	0.2559	0.3286	0.3155	0.1000	0.0763	0.1025	0.0899	0.0322	0.1076	0.2000	0.2000	0.2000	0.2000	0.2000	0.2000	0.2000	0.2000	0.2000	0.2000	0.2000	0.2000	0.2000	0.2000	0.2000	0.2000	0.2000	0.2000	0.2000	0.2000	0.2000	0.2000	0.2000	0.2000	0.2000	
34.00	3.1659	10.7944	-1.0096	0.4890	2.3109	11.1744	4.3401	0.6872	0.4920	2.9784	19.6603	6.0985	0.7875	0.2320	0.8093	1.9469	1.2864	0.4380	0.1070	0.2217	0.3319	0.1665	0.1284	0.1037	0.0502	0.0903	0.0999	0.0715	0.2000	0.2000	0.2000	0.2000	0.2000	0.2000	0.2000	0.2000	0.2000	0.2000	0.2000	0.2000	0.2000	0.2000	0.2000	0.2000	0.2000	0.2000	0.2000	0.2000	0.2000	0.2000	0.2000	0.2000	0.2000	
35.00	3.1663	12.7173	-1.0096	0.4092	1.2743	7.2678	8.2964	1.3577	0.2316	1.3495	11.3805	13.4758	1.5126	0.1249	0.5031	1.6296	1.7968	0.5772	0.0745	0.2116	0.2904	0.1165	0.2486	0.0396	0.0457	0.1043	0.1107	0.0613	0.2000	0.2000	0.2000	0.2000	0.2000	0.2000	0.2000	0.2000	0.2000	0.2000	0.2000	0.2000	0.2000	0.2000	0.2000	0.2000	0.2000	0.2000	0.2000	0.2000	0.2000	0.2000	0.2000	0.2000	0.2000	
36.00	3.1667	14.6403	-1.0096	0.3671	0.9048	3.6449	11.5987	2.7751	0.1663	0.6081	4.9505	20.6812	3.5989	0.1307	0.2889	1.2055	1.9955	0.9613	0.0133	0.1349	0.2285	0.1935	0.2068	0.0366	0.0621	0.0681	0.0748	0.0836	0.2000	0.2000	0.2000	0.2000	0.2000	0.2000	0.2000	0.2000	0.2000	0.2000	0.2000	0.2000	0.2000	0.2000	0.2000	0.2000	0.2000	0.2000	0.2000	0.2000	0.2000	0.2000	0.2000	0.2000	0.2000	
37.00	3.1674	16.5632	-1.0096	0.3410	0.5936	1.7487	9.6985	5.5855	0.1042	0.3534	2.1473	17.1000	8.7072	0.0525	0.1882	0.7398	1.9345	1.4648	0.0636	0.0871	0.2179	0.2330	0.3390	0.0549	0.0490	0.0489	0.0650	0.1209	0.2000	0.2000	0.2000	0.2000	0.2000	0.2000	0.2000	0.2000	0.2000	0.2000	0.2000	0.2000	0.2000	0.2000	0.2000	0.2000	0.2000	0.2000	0.2000	0.2000	0.2000	0.2000	0.2000	0.2000	0.2000	
38.00	4.4106	17.7529	-1.0096	0.1714	0.3160	0.9039	4.5082	4.9476	0.0753	0.2559	1.4013	14.0856	17.0401	0.0726	0.1885	0.6460	2.7801	3.0714	0.0078	0.1010	0.2083	0.4000	0.4654	0.0423	0.0367	0.0953	0.1117	0.1361	0.2000	0.2000	0.2000	0.2000	0.2000	0.2000	0.2000	0.2000	0.2000	0.2000	0.2000	0.2000	0.2000	0.2000	0.2000	0.2000	0.2000	0.2000	0.2000	0.2000	0.2000	0.2000	0.2000	0.2000	0.2000	
39.00	6.3107	17.7524	-1.0096	0.0877	0.2206	0.6067	2.0310	2.2484	0.0596	0.2627	1.3082	12.4066	15.4374	0.0741	0.2404	1.0130	5.9490	6.9226	0.0380	0.1287	0.3528	0.8352	0.8947	0.0322	0.0451	0.1270	0.1652	0.2488	0.2000	0.2000	0.2000	0.2000	0.2000	0.2000	0.2000	0.2000	0.2000	0.2000	0.2000	0.2000	0.2000	0.2000	0.2000	0.2000	0.2000	0.2000	0.2000	0.2000	0.2000	0.2000	0.2000	0.2000	0.2000	
40.00	8.2107	17.7519	-1.0096	0.0647	0.1491	0.4059	0.9706	1.0525	0.1207	0.2207	1.1023	7.0752	8.3662	0.0918	0.2535	1.2886	11.1972	13.7469	0.0869	0.1856	0.5444	1.7178	1.8422	0.0513	0.1008	0.1415	0.2822	0.4334	0.2000	0.2000	0.2000	0.2000	0.2000	0.2000	0.2000	0.2000	0.2000	0.2000	0.2000	0.2000	0.2000	0.2000	0.2000	0.2000	0.2000	0.2000	0.2000	0.2000	0.2000	0.2000	0.2000	0.2000	0.2000	
41.00	10.1107	17.7514	-1.0096	0.0772	0.0967	0.2584	0.5204	0.5560	0.0747	0.2083	0.7817	3.3286	3.7449	0.0620	0.2673	1.3522	14.1196	17.8448	0.0831	0.1740	0.8078	3.6698	4.1424	0.1029	0.0760	0.2743	0.4532	0.6942	0.2000	0.2000	0.2000	0.2000	0.2000	0.2000	0.2000	0.2000	0.2000	0.2000	0.2000	0.2000	0.2000	0.2000	0.2000	0.2000	0.2000	0.2000	0.2000	0.2000	0.2000	0.2000	0.2000	0.2000	0.2000	
42.00	12.0107	17.7509	-1.0096	0.0243	0.0711	0.1719	0.2602	0.3127	0.0651	0.1529	0.5210	1.5437	1.6826	0.0634	0.2526	1.2452	10.5295	12.8445	0.0927	0.2567	1.0927	7.7791	9.1891	0.0951	0.1221	0.4207	1.0467	1.2348	0.2000	0.2000	0.2000	0.2000	0.2000	0.2000	0.2000	0.2000	0.2000	0.2000	0.2000	0.2000	0.2000	0.2000	0.2000	0.2000	0.2000	0.2000	0.2000	0.2000	0.2000	0.2000	0.2000	0.2000	0.2000	
43.00	13.9108	17.7504	-1.0096	0.0222	0.0678	0.0870	0.1861	0.1853	0.0352	0.1405	0.3313	0.7930	0.8189	0.0912	0.2043	0.9778	5.4177	6.2905	0.0810	0.2372	1.3476	12.9716	16.1652	0.0718	0.1730	0.6233	2.2469	2.5164	0.2000	0.2000	0.2000	0.2000	0.2000	0.2000	0.2000	0.2000	0.2000	0.2000	0.2000	0.2000	0.2000	0.2000	0.2000	0.2000	0.2000	0.2000	0.2000	0.2000	0.2000	0.2000	0.2000	0.2000	0.2000	
44.00	15.8108	17.7499	-1.0096	0.0192	0.0405	0.0933	0.1103	0.1284	0.0078	0.1231	0.2566	0.4126	0.4313	0.0408	0.1838	0.6448	2.5076	2.7683	0.0839	0.2468	1.3408	13.4495	16.8445	0.1342	0.1893	0.9150	4.9001	5.6326	0.2000	0.2000	0.2000	0.2000	0.2000	0.2000	0.2000	0.2000	0.2000	0.2000	0.2000	0.2000	0.2000	0.2000	0.2000	0.2000	0.2000	0.2000	0.2000	0.2000	0.2000	0.2000	0.2000	0.2000	0.2000	
45.00	17.7108	17.7491	-1.0096	0.0402	0.0638	0.0598	0.0728	0.0975	0.0345	0.0649	0.1545	0.2402	0.2643	0.0306	0.1558	0.4901	1.2094	1.2679	0.0748	0.2589	1.1722	8.6736	10.0551	0.1501	0.2253	1.2410	10.1548	11.5085	0.2000	0.2000	0.2000	0.2000	0.2000	0.2000	0.2000	0.2000	0.2000	0.2000	0.2000	0.2000	0.2000	0.2000	0.2000	0.2000	0.2000	0.2000	0.2000	0.2000	0.2000	0.2000	0.2000	0.2000	0.2000	
46.00	18.8863	16.5205	-1.0096	0.0568	0.0750	0.0760	0.0989	0.0991	0.0588	0.0733	0.1218	0.1922	0.1666	0.0943	0.1707	0.4352	0.8783	0.7219	0.1185	0.3040	1.5153	7.3076	4.4923	0.1559	0.3732	2.3337	21.2134	9.6117	0.2000	0.2000	0.2000	0.2000	0.2000	0.2000	0.2000	0.2000	0.2000	0.2000	0.2000	0.2000	0.2000	0.2000	0.2000	0.2000	0.2000	0.2000	0.2000	0.2000	0.2000	0.2000	0.2000	0.2000	0.2000	
47.00	18.8857	14.6429	-1.0096	0.1134	0.0999	0.1126	0.0662	0.0712	0.0304	0.0821	0.1427	0.2177	0.1478	0.0878	0.2303	0.6237	0.8948	0.4991	0.1399	0.5402	2.9220	8.0988	2.2757	0.1908	0.7131	5.6196	26.3908	4.0201	0.2000	0.2000	0.2000	0.2000	0.2000	0.2000	0.2000	0.2000	0.2000	0.2000	0.2000	0.2000	0.2000	0.2000	0.2000	0.2000	0.2000	0.2000	0.2000	0.2000	0.2000	0.2000	0.2000	0.2000	0.2000	
48.00	18.8851	12.7653	-1.0096	0.0497	0.0805	0.1198	0.0437	0.0681	0.0667	0.1287	0.1698	0.1551	0.1324	0.1535	0.3849	0.7582	0.7876	0.3718	0.2157	0.9679	5.3693	6.1573	1.1859	0.2751	1.3827	13.5184	16.6559	1.6978	0.2000	0.2000	0.2000	0.2000	0.2000	0.2000	0.2000	0.2000	0.2000	0.2000	0.2000	0.2000	0.2000	0.2000	0.2000	0.2000	0.2000	0.2000	0.2000	0.2000	0.2000	0.2000	0.2000	0.2000	0.2000	
49.00	18.8845	10.8877	-1.0096	0.0987	0.0852	0.1575	0.0706	0.0585	0.1005	0.1442	0.1856	0.1191	0.0912	0.1765	0.4677	0.8923	0.6288	0.2760	0.3570	1.9007	7.8046	3.5229	0.6295	0.4370	3.1303	24.7025	7.2252	0.8170	0.2000	0.2000	0.2000	0.2000	0.2000	0.2000	0.2000	0.2000	0.2000	0.2000	0.2000	0.2000	0.2000	0.2000	0.2000	0.2000	0.2000	0.2000	0.2000	0.2000	0.2000	0.2000	0.2000	0.2000	0.2000	
50.00	18.8839	9.0102	-1.0096	0.1265	0.0606	0.1684	0.0560	0.0617	0.1011	0.1389	0.1790	0.1263	0.0664	0.2748	0.6508	0.8803	0.4809	0.2014	0.6657	3.6858	7.7328	1.8313	0.3574	0.8674	7.6435	24.1403	2.9600	0.4273	0.2000	0.2000	0.2000	0.2000	0.2000	0.2000	0.2000	0.2000	0.2000	0.2000	0.2000	0.2000	0.2000	0.2000	0.2000	0.2000	0.2000	0.2000	0.2000	0.2000	0.2000	0.2000	0.2000	0.2000	0.2000	
51.00	18.8833	7.1326	-1.0097	0.0624	0.0640	0.1392	0.0652	0.0292	0.1135	0.1806	0.2184	0.1303	0.0667	0.3297	0.7846	0.7782	0.3678	0.1692	1.0656	6.0695	5.4372	1.0546	0.2340	1.5523	16.8339	13.3563	1.4565	0.2732	0.2000	0.2000	0.2000	0.2000	0.2000	0.2000	0.2000	0.2000	0.2000	0.2000	0.2000	0.2000	0.2000	0.2000	0.2000	0.2000	0.2000	0.2000	0.2000	0.2000	0.2000	0.2000	0.2000	0.2000	0.2000	
52.00	18.8827	5.3446	-1.5036	0.0207	0.0599	0.0949	0.0802	0.0414	0.0719	0.1408	0.1964	0.1445	0.0535	0.1847	0.6463	0.6903	0.3516	0.2424	0.7336	7.1249	3.6823	0.8500	0.2666	1.2860	29.7145	7.3270	1.1036	0.2943	0.2000	0.2000	0.2000	0.2000	0.2000	0.2000	0.2000	0.2000	0.2000	0.2000	0.2000	0.2000	0.2000	0.2000	0.2000	0.2000	0.2000	0.2000	0.2000	0.2000	0.2000	0.2000	0.2000	0.2000	0.2000	
53.00	18.8818	3.5517	-1.9691	0.0814	0.0489	0.0687	0.0298	0.0158	0.0833	0.1273	0.3363	0.0593	0.0559	0.4414	0.5729	0.3107	0.1298	0.1731	3.4391	6.9125	1.2556	0.2711	0.0822	8.5823	29.5166	2.0774	0.3026	0.1018	0.2000	0.2000	0.2000	0.2000	0.2000	0.2000	0.2000	0.2000	0.2000	0.2000	0.2000	0.2000	0.2000	0.2000	0.2000	0.2000	0.2000	0.2000	0.2000	0.2000	0.2000	0.2000	0.2000	0.2000	0.2000	
54.00	17.6708	2.3933	-1.9691	0.0668	0.0617	0.0349	0.0246	0.0207	0.1568	0.1500	0.3989	0.0582	0.0109	0.9094	0.8675	0.2966	0.0843	0.3548	9.7968	9.0492	0.8435	0.1679	0.0563	11.0623	10.6355	0.9095	0.1779	0.0421	0.2000	0.2000	0.2000	0.2000	0.2000	0.2000	0.2000	0.2000	0.2000	0.2000	0.2000	0.2000	0.2000	0.2000	0.2000	0.2000	0.2000	0.2000	0.2000	0.2000	0.2000	0.2000	0.2000	0.2000	0.2000	
55.00	15.8203	2.3940	-1.9691	0.0788	0.0761	0.0799	0.0216	0.0084	0.2730	0.2797	0.3054	0.0646	0.0047	2.0003	1.9552	0.4595	0.1574	0.6581	18.7612	16.2853	1.0148	0.1584	0.0231	4.6290	4.2725	0.6540	0.1616	0.0271	0.2000	0.2000	0.2000	0.2000	0.2000	0.2000	0.2000	0.2000	0.2000	0.2000	0.2000	0.2000	0.2000	0.2000	0.2000	0.2000	0.2000	0.2000	0.2000	0.2000	0.2000	0.2000	0.2000	0.2000	0.2000	
56.00	13.9698	2.3947	-1.9691	0.0957	0.1117	0.0596	0.0558	0.0270	0.5482	0.4979	0.2426	0.0855	0.0232	5.1255	4.7815	0.6779	0.1390	0.6343	17.8629	15.5624	0.9594	0.1569	0.0823	1.8359	1.7240	0.4407	0.1302	0.0446	0.2000	0.2000	0.2000	0.2000	0.2000	0.2000	0.2000	0.2000	0.2000	0.2000	0.2000	0.2000	0.2000	0.2000	0.2000	0.2000	0.2000	0.2000	0.2000	0.2000	0.2000	0.2000	0.2000	0.2000	0.2000	
57.00	12.1192	2.3954	-1.9691	0.2166	0.2026	0.0899	0.0425	0.0679	1.1221	1.0253	0.3466	0.1045	0.0521	12.5055	11.1742	0.9182	0.2021	0.3618	8.8318	7.9736	0.8285	0.1085	0.0761	0.8324	0.8002	0.2638	0.1447	0.0138	0.2000	0.2000	0.2000	0.2000	0.2000	0.2000	0.2000	0.2000	0.2000	0.2000	0.2000	0.2000	0.2000	0.2000	0.2000	0.2000	0.2000	0.2000	0.2000	0.2000	0.2000	0.2000	0.2000	0.2000	0.2000	
58.00	10.2687	2.3961	-1.9691	0.3091	0.3272	0.1693	0.0426	0.0602	2.6803	2.4146	0.5235	0.1028	0.0142	19.9723	17.3464	1.0094	0.2032	0.1400	3.4948	3.2326	0.6235	0.1253	0.0390	0.3961	0.3874	0.1770	0.1150	0.0432	0.2000	0.2000	0.2000	0.2000	0.2000	0.2000	0.2000	0.2000	0.2000	0.2000	0.2000	0.2000	0.2000	0.2000	0.2000	0.2000	0.2000	0.2000	0.2000	0.2000	0.2000	0.2000	0.2000	0.2000	0.2000	
59.00	8.4182	2.3969	-1.9691	0.6443	0.5938	0.2731	0.0796	0.0276	6.8167	6.1887	0.7441	0.1597	0.0185	15.2304	13.4424	0.9582	0.1859	0.0913	1.4035	1.3650	0.4051	0.0660	0.0596	0.2256	0.2175	0.0891	0.0949	0.0294	0.2000	0.2000	0.2000	0.2000	0.2000	0.2000	0.2000	0.2000	0.2000	0.2000	0.2000	0.2000	0.2000	0.2000	0.2000	0.2000	0.2000	0.2000	0.2000	0.2000	0.2000	0.2000	0.2000	0.2000	0.2000	
60.00	6.5677	2.3976	-1.9691	1.4438	1.3913	0.4287	0.0987	0.0772	15.3257	13.5310	0.9212	0.1877	0.0202	6.7461	6.1647	0.7412	0.2308	0.0891	0.6376	0.5817	0.2502	0.0638	0.0341	0.1348	0.1212	0.0580	0.0572	0.0479	0.2000	0.2000	0.2000	0.2000	0.2000	0.2000	0.2000	0.2000	0.2000	0.2000	0.2000	0.2000	0.2000	0.2000	0.2000	0.2000	0.2000	0.2000	0.2000	0.2000	0.2000	0.2000	0.2000	0.2000	0.2000	
61.00	4.7172	2.3986	-1.9691	3.4072	3.3851	0.5880	0.0930	0.0587	19.2582	18.1271	1.0469	0.1691	0.0125	2.5444	2.5371	0.5407	0.2488	0.0536	0.2967	0.2532	0.1597	0.0555	0.0493	0.0784	0.1174	0.0700	0.0705	0.0482	0.2000	0.2000	0.2000	0.2000	0.2000	0.2000	0.2000	0.2000	0.2000	0.2000	0.2000	0.2000	0.2000	0.2000	0.2000	0.2000	0.2000	0.2000	0.2000	0.2000	0.2000	0.2000	0.2000	0.2000	0.2000	
62.00	3.5724	3.5955	-1.9691	3.7762	7.8437	1.2523	0.1940	0.1006	8.4418	26.9354	1.7900	0.2343	0.0448	1.1211	1.7031	0.5637	0.2147	0.0458	0.1891	0.2298	0.1628	0.1309	0.0353	0.0656	0.0509	0.0543	0.0992	0.1019	0.2000	0.2000	0.2000	0.2000	0.2000	0.2000	0.2000	0.2000	0.2000	0.2000	0.2000	0.2000	0.2000	0.2000	0.2000	0.2000	0.2000	0.2000	0.2000	0.2000	0.2000	0.2000	0.2000	0.2000	0.2000	
63.00	3.5732	5.4246	-1.9691	1.8360	9.2140	2.5766	0.3697	0.1151	2.9119	34.0048	4.7126	0.4238	0.0647	0.7353	1.7852	0.9135	0.2525	0.0472	0.1568	0.2120	0.1717	0.1522	0.0308	0.0271	0.0614	0.0561	0.0449	0.0881	0.2000	0.2000	0.2000	0.2000	0.2000	0.2000	0.2000	0.2000	0.2000	0.2000	0.2000	0.2000	0.2000	0.2000	0.2000	0.2000	0.2000	0.2000	0.2000	0.2000	0.2000	0.2000	0.2000	0.2000	0.2000	
64.00	3.5740	7.2536	-1.9691	0.8603	6.2824	5.4075	0.6851	0.1405	1.1446	17.7575	13.7525	0.9397	0.1558	0.4468	1.4377	1.3795	0.3704	0.1106	0.1186	0.2066	0.1932	0.0760	0.0308	0.0807	0.0531	0.0707	0.0613	0.0587	0.2000	0.2000	0.2000	0.2000	0.2000	0.2000	0.2000	0.2000	0.2000	0.2000	0.2000	0.2000	0.2000	0.2000	0.2000	0.2000	0.2000	0.2000	0.2000	0.2000	0.2000	0.2000	0.2000	0.2000	0.2000	
65.00	3.5749	9.0826	-1.9691	0.4352	3.1636	8.7772	1.4610	0.2478	0.5264	6.2083	30.9819	2.2399	0.2556	0.2684	0.9267	1.7242	0.6267	0.1744	0.0990	0.1692	0.2166	0.2117	0.0945	0.0456	0.0565	0.0734	0.0355	0.0165	0.2000	0.2000	0.2000	0.2000	0.2000	0.2000	0.2000	0.2000	0.2000	0.2000	0.2000	0.2000	0.2000	0.2000	0.2000	0.2000	0.2000	0.2000	0.2000	0.2000	0.2000	0.2000	0.2000	0.2000	0.2000	
66.00	3.5757	10.9117	-1.9691	0.2718	1.4935	8.7625	3.1873	0.4257	0.3093	2.2456	30.8771	6.2518	0.5307	0.1597	0.5211	1.7212	1.0269	0.2806	0.0664	0.1584	0.2057	0.3296	0.1062	0.0619	0.0325	0.0680	0.0237	0.0201	0.2000	0.2000	0.2000	0.2000	0.2000	0.2000	0.2000	0.2000	0.2000	0.2000	0.2000	0.2000	0.2000	0.2000	0.2000	0.2000	0.2000	0.2000	0.2000	0.2000	0.2000	0.2000	0.2000	0.2000	0.2000	
67.00	3.5765	12.7407	-1.9691	0.3204	0.8177	5.3688	6.3562	0.8920	0.1368	0.9289	13.6409	17.9149	1.1283	0.1387	0.3593	1.3843	1.5263	0.4484	0.0810	0.1197	0.1629	0.3407	0.1377	0.0437	0.0432	0.0495	0.0473	0.0293	0.2000	0.2000	0.2000	0.2000	0.2000	0.2000	0.2000	0.2000	0.2000	0.2000	0.2000	0.2000	0.2000	0.2000	0.2000	0.2000	0.2000	0.2000	0.2000	0.2000	0.2000	0.2000	0.2000	0.2000	0.2000	
68.00	3.5774	14.5697	-1.9691	0.3996	0.5749	2.5393	9.2354	1.8140	0.1163	0.4589	4.7073	34.1425	2.9777	0.0477	0.1925	0.8653	1.8088	0.7184	0.0631	0.1099	0.1874	0.4059	0.1506	0.0370	0.0186	0.0396	0.0570	0.0568	0.2000	0.2000	0.2000	0.2000	0.2000	0.2000	0.2000	0.2000	0.2000	0.2000	0.2000	0.2000	0.2000	0.2000	0.2000	0.2000	0.2000	0.2000	0.2000	0.2000	0.2000	0.2000	0.2000	0.2000	0.2000	
69.00	3.5782	16.3986	-1.9691	0.3312	0.4043	1.2864	8.0308	3.8299	0.0801	0.2476	1.7777	26.9038	8.0589	0.0798	0.1319	0.5539	1.7055	1.1564	0.0465	0.0751	0.1737	0.3431	0.2082	0.0496	0.0382	0.0535	0.0636	0.0955	0.2000	0.2000	0.2000	0.2000	0.2000	0.2000	0.2000	0.2000	0.2000	0.2000	0.2000	0.2000	0.2000	0.2000	0.2000	0.2000	0.2000	0.2000	0.2000	0.2000	0.2000	0.2000	0.2000	0.2000	0.2000	
