0.00	2.5000	4.5000	0.0000	4.7130	12.5976	14.8633	12.5976	4.7130	0.2000	0.2000	0.2000	0.2000	0.2000	
1.00	2.5000	4.5000	0.0000	5.3106	14.4691	12.5397	7.3366	2.6990	0.2000	0.2000	0.2000	0.2000	0.2000	
2.00	2.5000	4.5000	0.0000	4.6243	12.6428	14.7083	12.8507	4.7797	0.2000	0.2000	0.2000	0.2000	0.2000	
3.00	2.5000	4.5000	0.0000	2.5879	7.1486	12.4765	14.3076	5.3749	0.2000	0.2000	0.2000	0.2000	0.2000	
4.00	2.5000	4.5000	0.0000	4.5108	12.3038	14.9684	13.4755	5.0479	0.2000	0.2000	0.2000	0.2000	0.2000	
5.00	2.5000	4.5000	0.0000	4.2594	13.0259	14.3744	13.0224	4.3514	0.2000	0.2000	0.2000	0.2000	0.2000	
6.00	2.5000	4.5000	0.0000	1.5602	11.5045	9.2092	11.5175	1.6336	0.2000	0.2000	0.2000	0.2000	0.2000	
7.00	2.5000	4.5000	0.0000	4.6868	12.7082	14.8858	12.7268	4.7784	0.2000	0.2000	0.2000	0.2000	0.2000	
8.00	2.5000	4.5000	0.0000	6.3094	10.0448	15.8872	10.0405	6.3965	0.2000	0.2000	0.2000	0.2000	0.2000	
9.00	2.5000	4.5000	0.0000	5.0937	12.8024	15.6242	12.7946	5.1695	0.2000	0.2000	0.2000	0.2000	0.2000	
10.00	2.5000	4.5000	0.0000	4.9504	13.5796	14.9805	12.2729	4.4992	0.2000	0.2000	0.2000	0.2000	0.2000	
11.00	2.5000	4.5000	0.0000	5.3020	14.5222	12.6736	7.3267	2.6728	0.2000	0.2000	0.2000	0.2000	0.2000	
12.00	2.5000	4.5000	0.0000	4.6301	12.6747	14.8104	12.8800	4.7743	0.2000	0.2000	0.2000	0.2000	0.2000	
13.00	2.5000	4.5000	0.0000	2.6152	7.1319	12.4977	14.4237	5.3131	0.2000	0.2000	0.2000	0.2000	0.2000	
14.00	2.5000	4.5000	0.0000	4.4992	12.3810	15.0065	13.5801	4.9701	0.2000	0.2000	0.2000	0.2000	0.2000	
15.00	2.5000	4.5000	0.0000	4.2714	13.0400	14.3633	13.0795	4.3791	0.2000	0.2000	0.2000	0.2000	0.2000	
16.00	2.5000	4.5000	0.0000	1.5566	11.5387	9.2389	11.5824	1.5627	0.2000	0.2000	0.2000	0.2000	0.2000	
17.00	2.5000	4.5000	0.0000	4.6952	12.7170	14.9231	12.7745	4.8029	0.2000	0.2000	0.2000	0.2000	0.2000	
18.00	2.5000	4.5000	0.0000	6.3230	10.1583	15.9038	10.1048	6.3691	0.2000	0.2000	0.2000	0.2000	0.2000	
19.00	2.5000	4.5000	0.0000	5.1109	12.7969	15.6229	12.8501	5.1763	0.2000	0.2000	0.2000	0.2000	0.2000	
